/*--------------------------------*- C++ -*----------------------------------*\
  =========                 |
  \\      /  F ield         | OpenFOAM: The Open Source CFD Toolbox
   \\    /   O peration     | Website:  https://openfoam.org
    \\  /    A nd           | Version:  9
     \\/     M anipulation  |
\*---------------------------------------------------------------------------*/
FoamFile
{
    format      ascii;
    class       labelList;
    note        "nPoints:1781  nCells:6697  nFaces:14574  nInternalFaces:12214";
    location    "constant/polyMesh";
    object      neighbour;
}
// * * * * * * * * * * * * * * * * * * * * * * * * * * * * * * * * * * * * * //


12214
(
1
2
3
89
4
1671
6135
12
93
6135
4
9
84
11
1664
6
8
14
1666
7
1660
6135
8
13
5871
18
6077
10
15
83
11
17
5441
14
1663
13
15
94
16
5322
18
1662
16
92
17
5950
18
6007
6017
20
21
387
6138
22
25
22
26
385
23
3401
24
28
3398
25
29
6139
27
30
6159
28
31
4801
29
1861
32
2579
31
389
6138
32
4804
5802
6139
34
35
39
36
48
2042
36
40
4624
51
4631
38
42
46
1403
41
43
49
6141
50
414
6142
47
61
43
45
1404
51
2451
45
46
55
6438
56
674
47
1398
62
2598
49
57
58
51
56
6214
5855
53
55
59
2492
54
60
55
62
2599
2602
59
417
58
61
63
416
6142
63
6141
64
64
2600
64
2107
66
69
71
1961
70
1959
6143
68
72
1079
6144
73
74
5579
70
76
344
80
5182
77
1955
6144
73
79
4907
78
4639
75
82
622
80
625
6143
77
81
6551
79
5374
79
81
1967
4913
82
624
82
1969
618
84
90
1975
145
6149
91
1530
6146
6147
88
6041
6146
6148
88
94
5864
6145
93
5302
1602
6148
6149
91
1533
6150
92
6467
4914
6145
94
5319
5321
96
104
106
1876
100
103
3165
98
108
721
6154
111
720
6151
100
107
110
3158
109
3164
102
115
6151
6297
104
862
6152
104
1854
6153
1856
108
109
3065
6154
107
115
1875
113
5665
112
110
3068
116
112
114
2885
116
114
116
3022
115
835
833
118
119
122
6350
120
128
1456
121
129
1073
121
364
6156
130
363
125
127
1072
124
126
138
689
125
129
683
126
1082
133
5875
128
132
1379
131
4193
135
684
135
353
6155
132
383
6158
134
4800
134
136
5193
137
5194
138
692
137
138
5327
5191
6157
694
140
143
153
504
144
503
6163
142
150
4967
6160
153
5799
6163
144
157
494
154
498
146
147
156
148
155
1972
148
151
5399
157
5401
150
156
1673
6160
151
5255
152
5254
153
157
4818
5800
155
6162
6470
156
1543
1664
5317
165
171
4799
6164
160
163
782
6133
162
783
6134
162
171
4469
6131
169
4470
164
167
5472
168
172
2854
166
173
4199
172
4195
6164
168
170
3407
177
170
175
4471
3411
6578
175
4798
174
2853
174
176
2697
177
4468
6578
177
2694
6578
183
188
1321
6166
180
181
190
3037
182
189
2185
182
196
3033
192
184
196
4538
186
259
6166
186
191
193
3638
190
255
188
1422
6167
6168
195
6414
192
194
3261
191
3036
194
195
3259
1430
6167
6168
3252
6168
196
3260
6050
198
439
6171
6668
205
429
6668
200
202
207
4091
203
206
5798
207
6171
6670
203
4093
6171
205
4792
205
206
6670
6679
5402
207
3917
211
213
4510
6173
210
211
216
6284
217
4957
6173
214
790
213
219
886
6172
3061
6177
215
221
6573
222
5721
6177
217
221
6575
224
4962
220
223
1723
6174
220
885
6175
225
222
786
226
5722
224
226
1715
1716
6174
226
6177
3300
228
230
3608
6628
231
233
2976
230
237
3087
6628
232
3706
232
5513
6181
234
2977
236
6178
237
6181
236
237
6178
6181
239
242
244
3042
243
6182
241
250
255
3637
243
254
243
255
3036
247
3043
6183
248
254
6182
247
249
253
3728
252
3040
249
256
3731
3733
6183
251
257
3636
254
256
253
259
4535
258
4568
259
257
3729
258
320
259
318
261
262
263
6557
279
4949
6185
264
2001
6184
268
269
6556
267
270
1992
271
6185
6187
6255
271
273
6187
268
274
1997
275
1998
275
278
6541
272
274
3845
280
2728
273
2457
6186
284
282
3851
282
4514
277
281
283
727
279
280
726
279
283
724
6275
281
2726
284
3697
6189
722
6189
6189
287
288
4244
6191
292
4764
6191
6193
292
294
3789
289
294
3671
295
3670
6190
291
293
296
3740
295
3743
6192
297
5743
297
3752
6193
298
296
2849
298
298
3750
300
304
308
2168
303
307
302
303
309
6431
305
310
3689
304
2947
306
2948
306
311
2969
312
2943
308
315
313
310
314
3692
948
6195
312
317
2966
313
316
315
6195
316
317
2973
6195
319
320
324
323
4577
6199
321
328
329
3729
6198
329
6198
6200
324
333
4544
332
4542
330
333
3231
6196
327
3000
6196
6200
333
2998
6201
332
334
3635
334
331
332
3017
334
6196
3634
3658
336
337
340
5226
338
339
5221
338
349
5933
343
5380
340
2025
6202
351
4858
342
345
347
1564
344
348
5183
344
346
1961
345
349
5370
348
2016
6202
348
350
5293
5185
351
5372
351
5296
6202
5297
354
357
4467
6155
354
363
4474
355
5445
356
360
3438
361
362
3343
359
360
3405
359
365
384
6156
366
3402
361
3403
368
363
367
1448
1446
365
367
6453
366
3442
368
368
1452
371
372
2507
6205
371
4333
6204
6207
373
519
374
375
2508
374
376
4336
377
2509
377
6205
378
4331
6207
378
6208
380
381
382
4198
387
6211
383
4197
6210
386
388
4199
388
6159
385
6159
6210
3401
6211
387
2696
6137
389
4799
4805
6137
391
395
399
1962
394
396
1966
393
408
560
6213
394
399
6245
4994
6212
396
401
1955
400
1954
398
402
4998
6212
404
6213
410
563
401
402
4992
411
4901
403
4997
404
409
3360
406
406
407
409
3357
408
408
410
567
564
411
3362
411
559
3482
413
414
4632
6214
415
418
3911
415
4635
419
417
418
5578
671
6214
419
3915
6142
421
6577
6638
6686
423
6217
6621
423
1505
6216
6222
1502
6221
3904
6217
6219
6685
426
6129
6620
6220
6689
428
430
438
1594
429
1588
6224
430
1592
433
1600
432
434
436
845
433
435
846
434
848
6300
6667
436
440
4314
441
438
442
4035
6224
440
5796
442
6224
6292
441
5795
443
443
6667
445
449
454
5920
448
450
1478
447
451
453
4832
452
455
4278
456
5127
6227
450
5022
6228
458
5020
452
4712
6229
461
4283
454
4716
6228
455
5107
456
5102
457
5100
461
4279
6226
460
1340
6227
460
461
1330
6226
1328
6229
4284
463
464
467
594
466
468
4059
465
591
6231
466
469
4720
1560
6232
468
598
6235
470
6369
471
4863
6231
472
4752
6232
472
4819
6232
4966
6235
474
476
478
475
477
476
479
2124
480
478
485
489
480
481
2759
490
2763
482
483
2761
484
485
484
487
2762
486
2523
488
487
493
1262
490
1336
489
6236
491
492
4351
492
6236
493
4346
1253
6236
495
497
5317
496
498
5318
497
499
4668
501
4041
500
6469
500
502
5466
503
1768
502
504
4042
505
505
1764
505
5992
3321
507
510
516
4330
511
6238
509
514
517
5006
515
518
5008
511
519
4333
526
513
521
523
3806
520
522
3801
515
524
5000
520
5007
518
4338
6239
518
519
4336
4318
525
521
5844
527
530
523
524
2491
529
525
5575
526
2503
529
528
6239
6627
529
6238
531
542
6627
532
535
3805
544
6627
534
538
3394
6240
539
547
2623
542
543
3804
537
545
4338
6240
538
546
3388
539
3395
548
541
542
3397
6240
543
547
2768
5844
544
2769
549
546
6239
6627
548
549
2626
549
551
553
2274
6243
552
555
4463
557
4683
6243
554
2273
6247
565
6242
558
562
5882
557
567
4691
6242
559
5867
559
563
5382
4602
564
6244
565
6244
6247
563
5222
6246
5224
566
566
567
3358
569
570
575
1488
572
574
1487
571
577
1490
574
576
1492
573
580
2339
575
6248
583
6392
579
577
586
5131
578
4660
579
581
4649
582
583
4286
6249
582
586
4658
584
2404
5126
6251
585
2405
6248
2409
6249
6251
5130
6251
589
591
5958
6230
590
592
2034
6230
590
6253
6423
593
1351
595
6069
596
1613
6234
596
1352
6252
595
599
4149
4147
6253
597
1615
598
1617
6234
599
4756
4755
6252
601
603
610
6523
602
609
4643
603
604
4642
4903
6184
5899
6185
6254
606
609
2526
6254
611
6255
608
610
2456
6186
611
6187
3931
6256
3929
6256
6256
618
1570
6259
6260
619
4618
6261
6626
615
620
623
5277
616
621
4938
617
5894
6626
618
622
6074
1970
623
4614
6258
621
625
5291
622
4936
4937
626
5285
626
5182
6259
626
5931
5278
628
631
3111
6262
636
6263
630
632
634
633
635
637
3112
6265
633
638
3215
639
3211
635
640
636
6265
641
3585
6262
639
641
3583
3591
6263
641
6265
3586
643
645
4822
6588
644
4834
6622
646
4741
6588
648
5879
6269
647
4045
6267
649
6266
653
4713
6622
652
6622
652
6266
6270
6682
653
5160
6269
6270
653
2271
4263
655
662
664
708
656
661
5911
657
658
4626
662
4630
6215
663
4632
6215
660
674
675
6438
676
678
4298
665
677
5012
682
709
670
677
5133
665
681
698
668
1481
667
668
672
1468
673
681
1471
669
1478
677
679
5127
671
678
5128
674
6215
673
679
5104
676
1011
680
676
680
1396
4295
5134
679
5129
5125
682
1400
682
701
707
684
686
1083
688
1073
686
689
693
768
687
1651
688
690
1646
692
5945
695
776
691
693
1649
692
694
5423
4474
695
780
695
5328
779
700
702
705
698
700
701
1477
699
1474
700
708
2296
702
6581
703
2255
704
707
2253
705
706
6273
707
709
2452
1400
5551
6273
2454
6273
711
715
1743
6153
712
713
3120
714
3065
6154
714
716
3119
718
716
724
1853
717
3115
718
722
2928
723
724
870
6152
6275
721
726
2886
727
723
2926
727
6540
726
872
6151
6275
2887
729
739
1884
6644
730
5906
6645
731
733
4974
734
4501
6659
735
6276
6481
6652
734
736
4975
741
737
738
6691
739
740
4976
741
4214
6659
740
1581
6276
1889
6277
741
4115
743
744
746
5533
745
753
2225
745
747
3319
751
752
762
1916
748
3317
6279
754
6278
750
757
760
1819
758
759
1820
754
761
753
760
1915
761
2233
766
756
760
762
1909
759
763
4856
758
765
1825
1821
6283
5841
6282
1914
765
2229
763
1924
764
4855
3369
6279
6281
766
2228
767
6280
6283
769
777
1650
770
776
5210
771
774
5208
775
777
5212
773
774
778
5338
779
781
5331
775
5230
781
5234
778
5187
780
6499
779
5330
5328
781
1655
5242
783
5472
6573
786
1813
785
788
5415
6287
5202
6134
6285
1806
6575
4523
6133
6286
6573
789
1879
6284
790
5416
6287
4510
6286
792
793
797
1823
794
795
1821
794
798
1822
1820
6288
796
800
3962
799
801
799
802
802
3375
6288
803
801
3965
6290
803
3862
804
2432
804
3868
3869
6290
808
810
4035
6225
807
811
813
4048
812
4051
6294
813
6293
810
1588
6225
6294
812
4034
4094
6293
6294
813
2263
818
823
861
6296
816
819
824
1104
820
822
5917
818
832
872
6297
819
868
820
1103
823
5201
822
825
6299
6462
826
6463
829
5420
832
1091
6299
826
827
1520
834
1506
828
830
3020
831
6299
834
1878
6296
831
835
3022
836
836
1097
834
835
6297
6543
836
2888
838
839
844
2482
840
841
840
2481
6303
842
842
843
845
844
846
4308
847
4306
6300
847
4314
848
5275
5405
6303
851
6304
6307
6585
851
855
1579
6304
5463
6610
853
854
856
4839
857
4034
6610
858
5885
6610
858
1580
6483
857
859
4808
4055
6307
859
5158
5978
6482
861
866
867
4526
5734
6308
863
865
1856
1881
6296
6308
865
869
930
6309
870
927
871
6309
868
871
971
875
1103
870
874
933
926
876
5897
873
1099
875
1093
6274
876
5257
6274
876
1094
5896
878
879
886
6500
880
1683
6311
880
887
1677
881
6502
882
884
4435
883
4437
6311
884
1721
6175
885
2218
887
887
3059
889
892
3062
6313
893
6312
891
894
3063
6313
900
6312
893
895
3169
897
2931
896
3064
6128
1018
6127
6315
902
3057
6126
898
2929
6124
899
900
901
6124
902
902
2880
6314
2884
904
905
915
906
914
906
910
911
5835
908
909
912
6325
916
923
3203
913
917
957
911
913
3135
4423
6317
913
924
953
952
915
918
925
917
921
5669
3141
6317
919
6317
920
921
922
925
922
3195
923
3198
924
3202
925
927
928
1859
934
1858
929
931
1024
932
933
1022
6123
6319
932
934
1019
1017
6318
5257
6319
4509
6123
936
941
2971
6320
937
938
3772
939
2820
6321
940
943
1978
942
943
6635
941
944
1976
948
3689
946
2152
6321
947
6633
947
1985
6323
946
949
2967
6320
950
2156
951
1984
949
6323
950
6194
951
6323
953
958
3135
959
955
956
961
1020
957
960
4518
957
962
3173
3139
959
962
5656
965
961
966
4515
4517
6327
5657
6326
964
966
3595
6327
965
6326
6325
3599
6325
968
969
972
5071
970
971
1103
970
973
5070
5075
6666
972
6666
973
2809
6666
975
980
2826
6330
978
2691
6329
977
5637
6330
6331
981
2675
6329
979
4397
6334
980
984
4866
985
3767
982
983
2676
983
5607
6334
986
987
5745
6334
987
3766
6331
987
6331
3765
989
990
995
3509
994
997
991
993
5719
996
997
5539
993
996
998
4734
1000
4440
995
1001
4171
1007
4174
1002
4736
1003
2238
999
1004
4849
1000
1005
5443
1006
1182
1003
1008
5546
1004
1009
4728
1009
5547
1010
4851
1006
1010
5889
1007
4757
1008
4758
1011
4295
1011
4259
1011
5104
1013
1015
4881
6121
1014
1016
2004
1020
4519
6122
1017
1022
5262
1021
1022
6556
5261
6125
1019
1023
4427
4511
6127
1021
1023
1024
6541
5256
1024
4428
1859
1026
1037
1040
4396
1038
1041
1028
1029
1031
2259
1030
1036
1035
1042
5865
1031
1033
3466
1043
3462
1033
1039
3896
6336
1034
3463
1041
6336
1036
1044
4684
1041
1038
1045
5746
1044
2355
1040
1043
5054
5831
6336
1043
1045
4683
4460
1045
4686
4864
1047
1049
1051
5582
1048
1054
1049
1055
2624
1057
2631
1051
1052
1060
3382
1053
2431
1053
1061
3384
1056
1056
6342
2625
6337
6341
6339
1060
3390
6337
1059
1062
4822
6343
1063
4823
6346
1063
3380
1062
3381
6339
1063
4749
4751
1065
4001
6341
6343
2294
6339
6342
1067
1072
6103
6120
1068
1069
4897
1075
4887
6119
1070
4993
6350
1074
1075
4992
1072
1078
1380
6120
1379
1444
6351
1079
1954
6348
1079
4909
1077
1080
2539
6119
1078
1081
1082
4775
1080
1081
5579
1084
5603
1084
5876
1084
5930
6348
4393
1086
1087
1099
2727
1088
1098
1088
1090
2729
1100
1090
1095
1100
5096
1096
6254
1092
1102
2831
1098
1101
1094
1096
5898
1106
4950
1096
1105
5094
5899
1098
1099
2888
2887
1101
5097
1102
5091
1104
5092
1106
1105
5093
1106
5086
5068
1111
1116
4584
6352
1109
1111
1119
3820
1117
1118
1730
1114
1120
4575
6352
1113
3821
1113
1121
1215
6352
1122
1213
1115
1123
4574
1116
1173
6572
1117
4764
1130
4762
1119
1131
3879
1136
3878
1124
4033
6356
1122
1211
6356
1136
1210
1134
1873
6571
1125
1134
4031
1126
4015
6356
1127
1129
5634
1134
1135
4014
1129
1132
1135
5122
1133
3957
1131
4759
6572
1132
4296
1133
4297
1136
3961
4029
4294
6571
3876
1138
1140
1142
5357
1141
5376
6360
1143
1145
6150
6358
1141
1148
5360
1147
4857
1143
6358
6552
1148
5400
1145
1528
6358
6360
1532
6361
1147
4855
6360
6361
1924
6363
5358
6363
1150
1152
5890
6365
1151
1159
2338
1152
1162
1862
1153
1873
1154
1157
1860
1155
1165
4467
1156
1160
3405
1157
1161
3399
1162
1864
1159
1163
5550
6365
1164
2266
1161
1166
3404
1168
1168
1863
1164
3433
6368
1169
5947
6365
6367
1167
3403
6367
1169
6368
1169
1171
1173
1174
4802
1175
1179
4803
1173
1175
1176
4763
1177
1178
1188
5191
1181
4581
1177
1187
4772
1182
4757
1179
1189
5194
1180
4795
1181
1183
4674
1185
4546
1186
1188
1184
1189
4681
1185
1190
4680
1187
4176
1187
1190
4440
4177
1191
5434
1191
5195
1191
5447
5192
1193
1194
1196
4591
1195
1206
1195
1207
4594
1208
1197
1209
4589
1203
1206
2862
1199
1200
1210
2604
1201
1212
1201
1211
2838
1203
2836
1203
1209
1211
2863
2869
1205
1210
1213
3825
1212
1214
1212
1208
1215
4595
1214
2743
1215
4590
3827
6354
1214
3824
2745
6353
1217
1221
3520
6118
1219
6117
6115
6369
6371
6604
6371
6376
1222
4752
6369
6373
3521
6373
6376
4108
6371
6376
1228
1229
6114
1225
1227
1229
2531
1226
1240
4935
1227
2657
6378
6113
1231
1232
1230
2532
1231
1233
2529
1235
1241
3884
6112
1234
1240
4621
1235
1236
4203
1241
1237
1239
4204
1238
1241
5482
1239
5067
6377
1242
5283
1242
4615
5481
5279
6378
1249
2738
6379
6382
1245
1248
1281
6381
1250
1279
6382
1247
6379
6381
1248
6385
2640
6386
1250
1251
2742
2741
6389
1252
6379
6385
6389
1254
1262
6396
1269
2098
6391
1256
1264
4344
6396
1266
2517
6397
1258
1260
1270
4005
1261
1271
2341
1260
1264
5132
6393
1331
6394
1267
1487
6393
1263
6394
1269
1270
2523
4341
6394
1266
5495
6391
6399
1268
2775
1268
1489
6399
1482
6393
1272
1271
2525
1272
6399
1274
1278
1892
6400
4395
6401
6402
1276
1900
6400
6405
1277
1285
1284
2476
6401
1279
1893
6404
2741
6402
1281
1282
1283
2638
1282
2640
1287
1284
2639
6402
1285
2471
1287
1287
6381
6405
1289
1297
1393
6407
1299
1388
6406
1291
1295
1298
1779
1299
1300
1770
1293
1303
4877
6407
1294
1304
4878
1301
1977
6406
1296
1306
2909
1305
1307
1300
1303
4528
1299
1308
1772
1771
1307
2920
1302
1308
3725
1304
1309
3812
1310
6561
1310
1636
1306
1311
3713
1309
3712
1311
2652
1309
3715
3709
1311
6493
3714
1313
1317
1319
3678
1316
1320
3563
1315
1321
4539
6408
1322
4547
6416
1317
4470
6416
1322
4472
3423
6408
6417
6418
1320
1326
3682
1327
3562
1322
6415
4541
1325
1326
3179
6410
2986
6408
6410
6419
3047
6412
6419
3684
6415
1526
6412
6417
1329
1335
5014
1330
1334
4004
1332
4011
1332
6227
6395
4005
6226
1334
1335
1338
4465
1336
2758
1339
5013
1337
6395
1338
4350
6420
1341
5843
1340
1341
5019
1342
5020
1342
5001
5004
6420
1344
1345
1350
1609
1349
1352
1614
1346
1352
1611
1350
1351
2030
1351
1353
4726
6423
1349
5155
6110
6425
4807
6109
5344
6425
2035
1615
5156
6108
6425
1355
6421
6427
6428
1358
4348
6426
1357
1363
2398
6427
1361
6426
1361
1364
2490
1360
1363
1366
2445
1362
1365
2447
1366
1363
5911
6428
2441
1365
2489
6428
1366
2390
1368
1370
1376
4524
1375
1377
5074
1370
1372
1377
4523
1371
4525
1372
3782
6102
1374
3625
1374
4195
6106
6165
2856
6105
1376
1380
4360
3779
6102
6132
6165
1379
1380
4800
6165
6104
4777
1382
2940
6430
6432
1392
6433
1389
1391
4530
6432
1385
3690
6430
6435
1386
1392
6434
6436
1388
3724
6434
6437
1393
6435
1390
1393
5846
1394
2922
6433
1393
4529
6430
1395
1395
2921
6437
6436
1397
1401
4167
1400
1402
2252
1399
1403
2597
1401
5759
6438
1404
1402
2353
1405
1405
1405
2450
1408
1410
3291
6440
1408
1412
3304
6440
1418
1410
1414
1811
6441
1416
3292
1412
1413
1804
6441
3303
6443
1414
1799
6444
1416
1798
1417
1418
6443
1419
3545
1419
3546
6444
1419
3541
1421
1422
1424
3685
1423
1425
3181
1423
6414
3251
6169
1425
3676
6447
1428
1427
1429
1430
3631
1431
6447
1431
6169
3687
6167
6447
1431
3638
1433
1435
1436
4188
1434
1437
4202
1435
1441
3479
1440
1437
1438
4475
5180
6448
1439
3473
6450
1440
1442
1443
1443
3480
6448
1443
3365
6450
3364
1445
1446
5945
1449
1958
6351
1447
4473
1448
1449
3347
1452
3346
1450
4990
1451
1454
4991
1453
4996
6350
1455
1454
1456
2606
1455
6453
3444
6453
1463
5118
6454
6676
1462
1463
2024
6454
1460
1465
4040
6675
1464
2424
6673
1462
1464
4303
6455
1467
4305
1466
5116
2426
6458
1466
4291
6458
1467
4984
5294
6458
1469
1472
5458
1470
1478
5457
1476
1479
6683
1472
4259
6581
1475
4261
1474
1475
1477
5150
1480
5142
1476
5144
1480
5174
2248
6581
1479
1481
4339
1481
5140
5010
1483
2775
6460
1492
2521
6459
1486
1489
5624
6460
1486
1490
2498
6459
1491
2096
1488
2341
1493
1493
2774
1491
4660
1493
5123
6392
1495
1496
1499
1535
1497
1498
2007
1497
1501
6471
2006
6609
1500
6593
6609
1500
1504
1536
1503
5974
1502
1505
1537
6080
6609
5467
6221
6223
1505
1545
6223
1540
1507
1517
6543
1509
1511
4963
1509
1512
1518
3534
1514
3529
1511
1515
1517
6576
1518
4961
1513
1519
3276
1514
1521
3277
1520
3268
1516
1526
3539
1518
1522
3549
6285
6463
3537
1522
1523
1703
1521
3020
1524
1525
1688
1524
1527
1699
6462
1526
1527
6413
6464
1698
6461
1529
6466
6524
1531
1967
6357
4919
6466
6467
1533
1968
6467
5396
6147
6466
1975
6357
1535
1762
6470
6471
1536
1765
1768
6469
1539
5441
6472
1539
1540
1541
1561
1542
1974
1544
1573
1542
1544
1565
1543
1972
6470
6472
1545
1572
5318
6469
1548
1727
6473
6476
1553
4862
6474
6475
1550
1551
5979
1551
1552
4817
6473
1555
1556
2281
1557
4107
1553
1558
4818
4819
6233
1555
1560
4720
6475
4056
6101
1559
6101
1559
4106
6100
4753
6100
6233
6477
6099
6233
1562
1570
1970
1565
1568
6550
1564
1569
5293
6479
1568
1571
1567
1973
1567
1572
1575
5317
1574
5401
1569
5370
1574
5292
1571
1573
4981
6480
1576
5318
1576
4669
1575
5276
1578
4816
1577
4492
1578
4489
6480
4290
6479
1580
1581
4844
1891
6276
1582
4116
6305
6695
1584
1586
1587
4840
1588
1589
6295
1586
1589
1590
5356
1591
5355
1588
1595
4839
1592
4793
1591
1593
5352
1596
5341
1598
5402
1597
1598
5271
1595
1599
5311
1596
5886
1597
5305
1599
5306
1600
5404
1600
5938
5405
1602
1603
1607
5359
1604
1606
1604
1612
5255
1671
6485
1608
1610
5902
6485
1607
1611
2029
1613
2033
1609
5873
6487
5878
6484
1612
6374
6487
6484
6566
1616
4966
1615
1616
1617
4811
6487
1617
1617
6234
1619
1623
3368
6489
1621
1622
1621
1623
1628
2379
1629
1639
6488
1634
3963
1625
1627
1636
3812
1626
1635
1892
1627
1628
3816
1632
3814
1629
2381
1633
1631
6489
6490
6526
1634
4874
6491
1633
1640
3710
1641
1635
4868
1636
4865
6492
1638
6488
6490
6518
1639
1642
3837
1641
1641
1642
3708
3838
6492
1644
1647
5177
6497
1654
5284
6494
1646
1649
5411
6496
1648
5944
1652
1836
6495
1654
5412
6497
1655
5247
1651
5209
6498
1654
5290
1656
1835
6496
1656
1848
6495
6499
5281
1656
5243
1834
1658
1659
1662
6595
1661
6096
1666
4212
6096
1665
5320
6136
1662
1668
3880
6017
1664
1669
6472
1673
1666
1674
4784
4782
1668
1670
2008
6095
1669
2006
1670
6471
1675
1762
1672
1673
1676
6136
6485
1675
1676
5903
6095
1676
6161
5902
1682
6503
1679
1685
4430
6502
1681
2047
6503
1681
1685
1686
4424
1687
2048
1687
6500
1684
1685
4432
1686
3166
6500
4431
1687
3176
1689
3549
6505
1690
1691
5518
1692
6504
1692
1694
3046
1693
1695
1702
2199
1695
1700
3190
1701
2188
1697
1703
3151
6505
1702
2209
6504
1699
3418
6413
1705
1701
3047
6413
1705
1704
2210
1704
3150
1705
1707
1710
1711
1708
1712
2222
1709
1715
3308
1710
1716
3301
1717
1712
1718
1720
1714
1718
1722
1719
1721
2220
1720
3302
1717
4962
1722
3243
1719
1723
1723
1722
6174
3245
1725
1726
5276
6474
4816
6473
6507
5295
6456
6508
5554
6094
6507
1729
1734
1736
2648
1735
1737
2100
1731
6092
6510
1736
3786
6093
1733
1740
2352
6091
1741
6090
1735
1738
2647
1739
2099
1737
2650
1741
1739
2701
6510
1742
5608
1742
2705
6510
1742
2699
1744
1746
1748
1745
1749
1854
1747
1750
3558
1747
1751
3118
1752
3070
1749
1853
6089
1753
1857
1753
1755
3554
1752
3125
6513
1755
1756
3555
1757
6088
6513
1757
1757
3023
6088
1759
1762
6161
6162
1760
1763
3517
1764
3519
6163
1762
1763
1765
2008
1766
3512
1766
3321
1767
2009
1767
1768
5466
1770
1774
1780
2962
1775
2957
1773
1776
3724
1773
1777
3715
1778
3723
1775
5516
6515
1776
2959
1782
2923
1778
1784
2908
1782
1780
1784
2909
1781
6515
6516
1783
6515
6516
2911
6516
1789
6488
6519
1787
1793
1795
2309
1789
1794
1789
1795
3367
6489
1990
6490
6520
6522
1792
1797
3928
6521
1794
6519
1794
1797
2306
3369
6526
1797
6465
6523
6525
3924
1799
3539
6528
1806
6576
1801
1802
1804
3306
1803
1807
1803
3312
6441
1810
3295
1805
3307
1807
1812
5723
1812
1813
1817
1809
1810
1815
5680
1814
1817
1811
5681
3284
6528
1816
5722
1816
6529
1815
1818
3409
5660
6529
1818
5704
1818
3408
1820
1824
4746
6289
1826
3964
1823
1827
3370
1826
1825
1827
5808
1828
2228
1828
1828
3372
5409
6531
6532
6536
1831
5840
6531
6532
1832
1833
2351
1833
5426
6534
2295
6538
1835
1851
5450
1843
4969
1837
1843
4476
1838
1844
4190
1839
4192
6495
1840
1846
3492
1844
1845
1842
1843
1849
3494
1844
1850
4478
1846
1852
3501
1848
4604
1848
1851
1852
5935
5205
1850
1851
3498
1852
3354
5449
3503
3601
6540
1855
3559
1857
1858
5029
1858
1880
1859
5024
4508
6540
1861
1867
4801
1864
1870
1863
1865
2337
1868
1874
3399
1866
1871
2336
1868
1872
1869
1873
4574
1874
1870
1872
4026
1874
2579
1872
1873
4029
4024
1876
4963
6543
1877
4956
1880
4957
6542
1879
1881
5420
1882
6542
1882
4508
1882
6081
5416
1884
1888
1889
5238
1887
5233
1886
1888
1890
5308
1889
1891
4843
1888
5240
6658
5313
4978
1891
5158
6653
6277
1893
1896
1898
3817
1895
1896
1902
2755
1899
1903
5498
1897
3812
1898
1904
4414
1901
4407
1900
2690
6400
1906
4411
6087
6404
1903
1904
2756
1906
4412
6087
1906
6087
6405
1908
1909
1913
5932
1910
5882
6544
1910
4856
1914
4744
1912
1922
4103
6547
1915
1921
4073
1923
5227
6545
1921
4746
4072
6546
1918
4089
6546
1918
1923
1925
4722
1924
4723
1920
1922
4742
6544
1925
4098
6545
1922
4743
4741
1924
4857
4099
6547
1927
1930
1934
2464
1931
1935
1929
1932
6548
1933
1936
1931
1942
2462
1933
1933
1943
2080
1935
1946
3382
1937
2431
1937
2556
6549
1939
5581
1939
1947
2561
6549
1941
2564
1941
1945
1947
3458
1946
3454
1943
1948
2468
1949
2085
1945
1946
1950
3446
1951
3451
3448
1953
1949
1950
2467
1952
1951
2465
1952
1953
6548
6144
6349
1960
5373
1957
1959
5412
6347
1958
1963
5944
1966
6349
1964
5410
1961
1962
5380
1964
1965
5224
1964
1965
5408
2015
1966
5023
4994
1968
1969
1971
4638
1970
6550
1971
1974
6079
1973
1975
5401
6553
1975
5441
1977
1981
6406
1978
1980
1986
3763
1980
1981
1983
3720
1982
3725
1985
3722
1983
1986
5497
1988
1987
6633
1987
3691
2825
6661
1988
6661
1990
2001
4902
6554
1991
1992
6491
6555
6560
1994
3852
1994
1997
4528
6561
3848
6560
1996
2000
2002
4531
1999
2003
4136
1998
4532
2002
4533
2000
2005
4135
4694
6559
4903
6563
2003
4534
2004
4519
6556
6562
4900
6554
6562
2007
3880
2009
2009
3511
2012
2024
5114
6565
2012
2013
6497
6564
2014
5178
2014
2015
5410
2017
5922
2016
2023
2017
6203
2024
5185
2019
2023
2025
5221
2022
2026
6533
2021
2022
5411
6564
2028
4971
6565
2023
5409
5408
2027
2026
6203
2028
3942
2028
4305
6203
4301
2032
5384
6567
2031
5346
6566
2036
4725
6567
2033
6364
6568
2034
5358
4820
6569
2036
4726
6569
4727
6568
2223
3978
5389
3341
3347
4990
2041
2097
4661
4654
5615
2108
4650
2088
4631
2076
2086
4627
2046
2221
4435
2047
5838
5838
2219
2219
5837
2127
2738
5833
2135
4409
2052
4240
2144
4234
2133
2144
4233
2084
4223
2062
2063
2392
2062
2064
2448
2063
2065
2393
2065
2067
2396
2060
2069
2375
2071
2374
2064
2075
2442
2075
2076
2439
2068
2077
2510
2070
2078
2619
2072
2073
2546
2544
2081
2082
5584
2508
2617
2089
2559
2090
2083
2091
2570
2092
2468
2091
2569
2090
2092
2088
2095
2096
2498
2102
2560
5588
5610
2107
2600
2097
2109
2751
6237
2100
2111
2112
2114
2115
2630
6016
2118
2119
2684
2663
5593
2119
2120
2677
2108
5468
5625
2750
5495
5609
2113
2123
2648
6018
2117
2125
5594
6020
6019
5500
2680
2675
5638
2126
5621
6387
2128
2649
2129
2759
2129
6384
6380
2131
2137
2138
2822
5627
2139
2788
2139
2786
2142
2143
5505
2142
2757
2138
2817
6637
5510
5642
2143
2148
2914
2152
6636
2147
2148
2910
2153
2911
2861
2905
2151
2895
2154
2897
2155
6517
2993
2156
2157
2967
2160
2164
5513
5516
6514
2950
3013
4255
2168
2169
2948
2170
2949
3096
6180
2174
3110
3228
2176
3035
3147
3007
3145
2170
2177
2180
2181
3081
2182
2183
3073
2181
2182
3077
3227
2176
2187
3037
5658
2189
3085
6179
2190
2191
3067
2193
2189
2190
2194
3163
2196
3261
2197
3219
5671
2196
2199
2200
3086
5523
2202
3072
5524
3127
6036
3102
3210
3216
2207
3112
6264
2208
2201
3194
2203
3128
2211
3155
5527
2213
2214
3151
2214
2215
3153
5683
2216
2210
2213
2216
3299
3187
3249
3274
3310
5529
2220
2221
5685
3329
5973
2225
2226
2227
2233
5533
5535
2250
5537
2229
2230
2231
2232
2234
5808
2233
2235
5453
2236
4269
2236
5454
5146
2238
2239
5539
5548
2240
2241
2242
5544
5538
5542
2247
5548
2244
2245
5543
2249
5149
2248
6570
2250
4070
5537
5543
2256
5543
6570
5150
2250
5454
5453
4068
4082
6422
2253
4166
2254
2255
2257
6580
4259
5547
6580
5546
5547
2259
2260
5865
5696
2261
2274
2278
5696
4058
4145
5971
2264
4034
4051
4055
2266
2267
5550
2268
4285
6249
2338
2409
2270
2271
4263
4275
6068
6682
2273
2275
2276
2274
2278
2277
2317
2319
6247
2278
2293
3385
2280
2282
2283
2281
2287
2284
2285
6590
2286
5553
2285
4056
5956
2287
2302
5979
2290
2291
2292
2292
3381
6340
2294
6340
2315
3997
2293
2314
3386
4000
6539
6646
2297
5551
2298
5142
2328
5909
2300
3969
4044
2301
3970
2303
4107
2304
5554
5979
2304
5979
2362
2306
2307
2308
3924
2371
5392
2309
3315
3316
2311
2312
2313
3999
5817
3351
5710
2316
2318
2315
2317
4826
2316
3998
2317
2319
2319
3353
5961
2321
2322
6672
3472
6044
3475
5820
2324
3496
4485
2356
2414
2326
2327
5810
2512
4332
2328
5136
5003
5139
2330
5827
5828
2331
2332
2334
2335
2333
5555
5828
5915
3445
5823
2466
2575
2337
4023
2338
2406
2340
2341
4007
4288
4451
6592
6596
2346
4452
5692
2345
4490
5692
2346
6046
4036
2348
2349
4715
5018
5912
5022
5921
2351
3994
4732
5839
2353
5558
2705
2355
5559
5788
4686
2357
2417
4503
2358
4502
2359
4216
2360
2420
2421
4213
2362
2363
5554
6506
2364
3971
2364
2430
2365
2366
5561
5563
5976
2368
2369
2370
2528
5919
5394
5783
2371
3933
3926
5395
2373
2621
5701
2374
2549
2375
2547
2376
2620
2377
2551
2611
5483
2379
2380
2381
3967
2382
3863
3816
2635
2740
2384
2385
2386
4551
5566
2387
3762
2388
4182
3753
5786
3325
5786
2390
2391
2395
2489
2392
2447
2393
2449
2394
2396
2397
5568
2396
2506
2504
2513
5909
2399
2401
2402
5856
2401
2519
5856
2515
2441
4625
2404
2407
4658
2405
2408
2409
4014
4294
2715
5793
2409
5793
2411
5994
6671
2412
2424
2413
2423
2422
2426
2415
2417
4302
2418
5982
2419
2421
3943
2420
3941
2420
2423
2422
4304
2421
3940
2423
4303
5982
2426
2428
2426
2427
6457
2428
2430
2429
4040
5980
4293
5980
5582
2433
3375
2667
3869
5954
6013
6595
2436
3500
3938
4612
5970
2438
2440
2443
2439
4629
2442
4628
5552
6272
2445
4626
2446
2448
2448
5569
5551
5568
5909
5911
2446
2447
2449
2449
5568
2451
2452
5855
2453
2454
4634
4630
6272
2456
2457
3847
2458
3845
3841
3929
2460
2625
2766
2461
6341
4003
5570
2463
2469
2464
5699
3383
2466
2467
2566
3446
5584
2469
5584
2568
2471
2472
2474
2473
2476
2686
2475
2639
2475
2477
5915
2683
2478
2688
2572
3901
2482
4306
4931
2481
2482
4929
5572
2484
2486
4308
2485
5573
3937
6000
2585
4307
2488
2490
3801
2489
2491
5576
4348
5575
2493
5578
2602
3956
2495
2497
2500
2496
5777
2499
3907
2498
2502
4662
2502
2521
2501
4651
4645
5782
6459
2505
2507
2506
2510
2513
2506
5575
5576
2508
2510
2510
2511
2512
2513
4336
5006
5005
2515
2516
4344
2519
4340
2517
2520
2775
2519
2520
3910
3912
2521
3908
2523
2524
2525
2762
5571
4009
2527
5096
2528
3931
3927
5098
2530
5470
2532
2534
2532
2533
2534
4939
6608
2535
5775
2536
3904
6608
6685
2538
3776
4640
2539
5580
3777
2541
2542
2552
2550
4326
2543
2544
2545
5492
2545
2546
2548
2547
2550
2549
2551
2549
4328
4320
2551
4317
2553
5492
5491
6206
6209
2555
2556
2559
5581
5948
2557
2558
6549
2559
2561
2560
2562
5948
2563
2563
2633
2564
2632
3396
2567
2569
4226
2575
3461
5583
2568
3470
3468
5583
2570
4219
2573
5583
2572
5555
5770
5915
3902
5556
2574
4217
2575
5556
5555
2577
2578
5802
2580
3799
2579
4026
3657
4126
2582
5964
6027
2583
2585
2584
2586
5586
6027
4312
6006
2590
6006
2588
3489
3887
2589
5585
2590
3892
4948
5586
2592
5957
6024
6009
6632
2594
3922
4920
2595
4363
4360
5072
2597
2598
5589
2707
2600
2601
5489
2601
5589
3835
5489
2604
2605
2838
3827
2802
3873
2607
2608
3444
4201
2609
2807
4896
4996
2611
2612
2618
2620
3376
2669
5591
2614
4372
5488
2616
4369
2616
2622
5488
2661
2618
2619
2622
5592
2620
5487
2621
4377
5487
5592
2626
2628
2625
2627
2767
2629
5981
5995
2630
2633
2768
5993
5981
5993
2632
5581
6011
2633
3394
6011
2637
2638
4389
2636
2741
3861
3867
6388
2640
2641
2639
5048
2730
6387
2643
2644
3823
3818
5766
2646
2647
2647
2701
5766
2648
2789
2649
2650
2790
5598
2652
2653
2654
2656
3855
5601
2655
3714
3708
3843
2920
3856
4392
5602
2659
2661
2662
2670
5605
2661
2663
2669
5592
4374
2663
2671
2672
2666
2672
2674
2667
4383
5604
5989
2667
2669
2668
2669
4375
5590
5480
5989
2672
2673
2674
5605
5604
2676
2679
2680
2680
2684
3898
2682
2691
6329
2680
2681
2682
2685
2683
2686
2692
2687
3900
2686
2687
2688
2688
3899
2690
2825
5498
2691
2692
4397
6401
2694
4122
6579
2695
2696
2697
4120
4199
2700
2701
2702
2703
2706
2708
5608
3834
2710
3833
2709
5608
2707
2711
5589
5610
2706
5759
2707
5759
2709
5611
5610
2711
5611
3830
5490
2713
2714
4664
2717
2720
2715
4020
4016
4663
2717
2718
2719
5614
5612
5614
2720
5632
5630
2722
2723
2724
3645
5616
2725
6058
4883
5619
2881
4890
2727
2728
2887
2729
6255
2732
4390
6383
2734
2736
5765
2735
2737
2734
3865
6383
6388
5620
2736
5620
6022
4387
6022
2739
4411
2742
5756
2741
2742
3817
2744
2745
3674
5507
2746
2783
5508
2748
2749
2751
2750
6390
2750
2751
6390
6390
2754
3717
5644
2754
2756
5506
2755
3725
5497
4412
4413
5505
5757
2762
2766
5570
2760
5594
2761
2765
2762
2764
3808
2768
2769
2766
5594
2767
3397
5595
5595
3804
2771
2773
5622
2858
2901
2773
4033
6355
2834
2777
6398
2778
2778
5624
6460
2780
5624
2779
2780
5495
5496
2782
3787
5599
2786
3791
2785
3824
4252
2785
2787
5629
3829
2788
4236
2788
5502
5626
2790
3828
5502
5598
5627
2792
2793
2795
2797
2835
2794
5630
2796
5631
2796
2845
2799
2798
4019
2833
4015
6355
2843
5494
2801
2802
3960
5633
3959
5493
5632
2839
5494
2804
2806
5730
2805
4895
2883
4892
2807
2808
4897
6103
2856
6105
2810
5897
4365
5071
2814
5637
6332
2817
2819
5636
2815
5637
6330
2815
2818
2819
2817
2818
5640
2823
2819
2821
3774
2822
2824
2823
6634
5636
5639
3769
5639
2826
5635
3767
5636
2828
2830
2831
2829
6583
2832
3417
3430
3758
6298
6298
6462
2835
2839
6354
2837
2863
6354
2841
2845
2840
2869
2842
2865
2839
2840
2843
5503
2842
2844
5641
2845
5504
2845
5504
2847
2971
4709
2848
4705
2944
4132
2850
3016
3039
3743
2852
2854
3620
2853
2855
4195
5473
2856
3626
3625
2862
2899
5511
2859
2863
2892
2860
2864
2861
5512
2902
5511
2868
2865
2865
2866
2870
2867
5510
5509
5512
2869
5509
2870
5510
5641
2872
2873
5649
2874
2922
2875
2877
2877
6433
2876
2878
3606
5649
2942
3029
3099
2880
2882
2884
2881
4886
6121
2883
3622
3623
4893
3057
2886
2888
2887
2890
4601
6201
2891
2998
2896
2995
4593
2901
2902
4590
2894
2900
3795
2897
6033
2896
2897
2906
2903
2996
2899
2903
4592
2902
4589
2901
2904
3794
2905
2907
2905
2906
2907
2907
2910
5643
2912
2911
2914
2912
2913
2914
2916
2915
2917
5505
5643
2917
3712
3709
5757
2919
2921
2961
2923
2924
2957
3859
2922
2979
2959
3724
6437
2926
2927
2928
6188
3079
3703
3115
2930
2931
2932
2933
3138
5645
6057
3032
3646
2935
2937
2938
2936
4127
3411
6579
3239
3661
3412
3580
2940
2941
2947
6431
2942
3095
3090
6432
2944
2946
2969
4133
2946
3089
3650
2948
2949
2949
3097
2951
2953
2981
2952
2954
2956
5647
2954
2958
2965
2958
2960
2982
2957
2962
5740
2963
2961
2963
2961
2978
2980
5515
2964
2965
5516
5515
2968
2970
2968
2972
2973
2971
3689
2971
6320
2973
6194
2975
2976
5514
2978
5650
5652
3705
5648
2980
2982
2980
5650
5847
5740
2982
5513
5647
5514
2984
2985
3260
3745
6050
2986
2987
6409
3254
6411
2989
2990
5653
3663
6032
2991
2993
2992
2994
2999
5653
2994
2996
2997
2996
2998
5655
6033
2998
2999
3000
6197
3002
3230
6197
3108
3235
5653
3005
3006
6183
3005
3008
3010
3007
3011
3668
3008
3043
3009
3015
3041
3011
3012
3013
3013
3014
3665
3015
3672
3016
3040
3670
3018
3634
3019
3222
3594
3632
3021
3022
5665
3024
3026
3555
5030
3026
3027
5657
5026
6048
6326
3029
3599
6324
3091
3597
3100
3203
6324
3032
3141
5668
3139
3647
3034
6049
3035
3038
3037
3042
3037
3039
3041
3040
3748
3041
3043
3043
3146
3045
3046
5517
3184
3565
3189
3179
3049
3292
3545
3050
5522
3553
3574
3052
3053
3054
3055
5720
3061
6176
3056
3617
3522
3615
3057
3064
3618
3059
6313
6501
3060
3061
3063
3064
3166
6501
3064
3066
3068
3069
3068
3071
3164
3072
3120
3071
3558
3072
5524
3118
3074
3077
3086
3075
3076
3080
3603
3081
3082
3081
3083
3079
3083
3084
3116
3701
3085
3609
3124
3121
6062
3123
3087
3707
3086
6628
3087
3093
3094
3096
3092
3097
3643
3095
3099
3640
3099
3100
3639
3103
3654
3104
5519
3095
3098
3097
3097
5659
3099
5519
3204
5520
3102
3103
3200
3104
3207
5659
5659
3106
3107
3109
3108
3110
3108
3109
5654
3110
3110
5660
5680
3113
3286
3114
3572
3284
3569
5521
3116
3122
3123
3600
3119
3122
3126
3120
3128
3120
3124
6034
6512
3123
3124
3127
3129
6512
3127
3128
3129
3129
3131
3132
3134
3133
5662
5039
5678
4964
5678
3162
3560
3136
4416
5667
3138
3140
6316
3139
3170
3141
3172
4422
6316
3143
3144
3147
3145
3146
3145
3147
3146
3147
3149
3528
3543
3152
6505
3151
3276
3153
3153
3266
3267
3156
3159
6037
3157
3270
6037
3160
3263
3158
6035
5664
3161
5663
3532
5901
3162
3163
3165
5662
3164
6035
3165
3559
3169
3171
3168
3175
4425
4431
5036
3170
4427
3172
3173
3172
3176
4421
3174
4428
5027
5657
5666
5034
5666
4417
3182
3183
3188
3179
3185
6411
3190
3185
3186
3256
3182
3251
5531
3184
3685
3189
3684
3192
3187
5532
3250
5531
3189
3193
3190
3194
3192
3193
5532
3194
3194
3196
3197
3200
5669
3198
3205
3201
3200
3204
3652
5669
3207
3202
3206
3203
3204
3208
3206
3210
3209
3208
3210
3209
5520
3210
3212
3213
3218
3591
3214
3216
3215
3217
3583
3217
3219
5728
3219
3238
3234
3221
3223
3225
3222
3230
3231
3232
3233
5670
3225
3226
5670
3227
3227
3229
3228
3235
3236
3236
3237
3231
3235
5673
3233
3240
3584
3234
5728
3238
5670
5672
3664
3238
3239
3241
3241
5675
3241
3576
5674
3581
3243
3244
3245
5676
4434
5679
4437
3248
3253
3256
3251
3258
5525
3249
3257
3250
3258
3251
3256
5526
6169
3254
3259
3255
3260
3256
6411
6414
3258
3262
3260
3262
5526
5525
3269
3270
3533
3265
3269
3271
3266
3535
3267
3534
3274
3276
3279
3529
5665
3280
3279
5527
3272
3274
3273
3281
3274
3275
3276
3277
3278
3279
5528
5664
3281
5527
5528
3283
3284
3292
5522
3285
3290
3286
3287
5682
5681
5682
3288
3294
3289
3293
5681
5682
3291
3292
5530
3294
3295
5530
5529
3297
3298
6038
3299
6611
3299
6038
6611
3302
5723
3303
6442
3307
3305
3308
3305
3311
5684
3309
3313
3308
3313
5684
3310
3311
3311
3312
5529
6440
5684
5963
6372
6604
3316
3318
5397
3369
6279
3318
3319
5390
3320
5533
5686
3322
3519
6040
3324
3339
3508
3326
4184
3327
3982
4176
3327
3328
3981
3329
3336
3332
3980
3331
3333
3335
5540
5541
3336
4441
5998
5536
5998
4086
5535
5537
5542
3336
3338
3339
4087
5534
5535
5975
3339
5718
3510
3341
3349
6245
3345
4994
3343
3346
3348
3344
3350
3437
3347
3349
4443
3347
3349
3352
5983
3351
3352
3353
3436
3353
5984
3355
3503
3498
4973
3357
3358
5688
3362
4691
3360
4885
5690
3361
3362
6056
5972
3364
3365
3366
3480
4450
3478
5693
3368
6281
5694
4855
3371
3373
3372
4268
5808
3374
5484
3375
5591
5590
4376
5483
5591
3378
3379
3384
3381
5697
3467
5698
3382
3448
5476
3386
3383
3384
5698
3386
4462
5697
4749
3388
3389
3391
3392
3393
3456
3394
3449
6241
3395
3459
4337
5700
5700
5702
3396
3396
3454
4465
6338
3399
3400
3401
3402
3405
3404
3405
3407
3408
3409
3410
5704
5661
3411
3414
3412
3413
3414
3575
4471
5660
5661
3416
3417
3418
3419
3423
6461
6583
6418
3428
6583
3424
3425
5706
3422
3747
6409
3423
3424
3428
3426
4559
5709
3429
3760
3428
3430
5452
6583
3429
3430
3756
3435
3438
5445
5947
3433
3434
3439
5549
5711
5815
3436
3990
4444
3437
5711
3438
3439
6367
6368
3441
3443
4197
3442
6210
6452
3444
6452
4193
3446
3447
4370
5825
3450
3451
3449
5475
3454
3457
3453
4368
3452
3453
3455
3460
3459
3456
3458
3459
5702
4323
4380
5703
3459
4373
5702
3468
4459
5061
3467
4456
5697
3465
3466
3467
4458
5698
6587
3469
3896
3467
3470
6587
3470
6587
3893
3472
3473
3474
3475
6589
6614
3475
4480
4481
3477
3905
5712
3478
4488
3481
4491
4620
5713
3481
5713
4495
5712
4603
4899
5972
3484
4138
5714
3485
3487
5617
5618
4880
4900
5619
5690
5691
6055
3489
3490
3882
3881
3888
3491
4192
3492
3890
5768
3494
3495
4478
3497
3496
4500
4477
4504
3498
4499
4498
3500
3504
4609
4608
5781
3502
4606
3503
3504
4977
4980
3506
4174
5716
3507
3509
3508
4186
3510
4177
5719
4440
5719
3512
6054
3517
3514
4151
6115
4062
6604
3516
3518
6375
3519
4113
5962
3518
3521
3519
4046
4208
4207
4968
3524
5721
6574
5705
5721
5722
5473
5705
3526
3530
5725
3527
3547
3528
3531
3534
3537
3533
4963
3531
3532
3535
3533
4955
3535
3535
3538
3541
3546
3543
3547
3540
3542
3552
3562
3544
3550
3544
3543
3548
3549
3545
3553
3547
4961
3549
3551
5518
3551
3553
3552
5517
3553
3566
3555
3556
5031
3557
5726
3558
3560
3559
3560
5040
3564
3589
5738
3563
3566
3569
6528
3570
3571
3566
3573
3682
3574
3570
3573
5738
3569
3570
3574
5521
3572
3572
3587
3585
3574
3580
3679
6262
3581
3584
3683
3578
3582
3586
3579
3588
3593
3688
3581
3590
3591
3583
3592
5729
3594
5729
3587
3678
3587
3589
3589
3681
3675
3591
6263
3593
5729
3594
3686
3596
3598
3602
3607
3599
3606
4515
3599
3605
3601
3695
6034
4517
6060
3603
6061
3609
6062
3606
3693
5650
5652
3606
3607
5651
3609
3694
5652
5651
3611
3780
5845
4562
5266
3628
5265
5845
3616
3619
3624
3615
3620
4523
6574
3617
3619
3617
3621
3618
3622
5733
3620
3626
3622
5731
3623
3782
5730
3626
5731
3626
5730
5977
6123
6615
4521
5260
6615
3630
3631
3633
3636
3637
3632
3634
3687
3634
3635
3636
3638
3640
3652
4516
3643
4530
3642
3644
5645
3648
3649
3650
3654
3645
4141
4136
5646
3647
3648
5645
3651
4518
3653
3650
4143
4134
3652
3653
5668
3654
3654
5734
6081
6308
3657
3659
3797
3792
4118
4544
5673
5736
3660
3662
3661
4130
4128
5675
3663
3664
5672
5735
5672
5675
3668
3672
4247
3667
3669
4242
3668
4248
3733
3673
3732
3672
3728
3672
4238
3674
3736
3735
4250
3678
3681
5737
3677
3680
3685
5737
3679
3683
4472
3681
6446
3688
3684
5737
3686
4543
3685
3687
3688
4542
6446
4529
3692
6322
3722
6322
6431
3694
4513
5847
3695
3706
3701
4514
3697
3698
3851
3703
6188
3699
3702
3700
3858
3705
5648
5739
3703
3707
3703
3704
3705
3707
3706
3707
3714
3838
3712
3809
3711
3814
3712
3713
3714
3717
5643
3717
3718
3720
3725
3719
3723
3721
6434
3721
3722
6435
3724
3727
3730
3734
3729
3731
3733
4582
4598
6198
3732
3733
3736
3736
4596
3736
4583
4595
3738
3739
3740
4553
5707
3742
3744
3752
3745
3747
4539
6409
3743
6064
3748
3745
3746
6063
3747
5707
5706
4535
6064
3750
5742
5743
3751
3752
4555
4545
3754
3762
3983
3755
3985
3757
3759
3758
3760
4361
3758
5081
5092
3760
3761
5709
3762
5709
5708
3767
3772
4878
3765
5560
5745
3768
3767
3769
5639
3769
3771
3774
3771
5560
5748
3773
3774
5750
3774
5749
3776
3778
5751
3777
4564
3779
6005
3779
3780
4524
4563
3782
4525
4560
5733
5848
3784
3785
3788
4767
5744
3787
6093
3787
3820
5598
3791
3789
3790
5744
3791
4245
4243
3797
3799
4566
3795
3796
3798
3795
4027
4585
5991
3797
6065
5735
3799
5754
4028
3801
3802
3806
4352
3803
3807
3804
3805
3808
3806
3808
4353
4351
3812
3814
5758
3811
4402
5755
3813
5758
3814
3815
3816
5755
3817
5756
3819
3823
3878
3826
3877
3821
3828
3824
5807
3823
3825
3829
3828
3829
3826
3827
3876
3829
3833
3836
5760
3832
3836
3954
3833
5762
3834
5763
6511
3836
3949
6439
5490
3839
6518
3843
6493
3840
3842
3841
3844
3852
6520
3843
5600
5601
3853
5600
3847
3850
3847
3849
3853
3852
3853
3855
5601
3850
3854
3851
3858
3853
3855
3857
3856
3857
3859
3858
3860
3860
4528
4532
5739
3863
3867
5049
3863
3866
3965
3866
3868
5764
3867
4391
5764
3867
3869
4385
3871
3872
3951
3947
5761
3873
3874
3876
3961
3875
3877
5761
5767
3877
3878
5767
4296
5763
6511
6629
3882
3885
5214
3883
4187
3884
5481
3885
5585
6012
3889
3891
6586
3888
3889
3892
3890
5213
3890
5769
3892
4605
4943
3896
4231
5062
3895
3897
5773
3896
6335
3898
5606
3900
5607
3900
3901
4398
4232
3902
4222
4221
5771
3904
3906
6219
5774
3906
4486
4618
4619
3908
3909
5776
3910
5123
3910
3911
3912
3913
4632
5133
3914
3915
3916
5776
5577
5577
5990
5797
6679
3919
3920
5110
4354
5108
5587
3921
4358
3922
4775
4359
4776
3924
3925
3932
3926
3928
6257
3933
6465
3931
3933
4643
3929
6521
3931
3932
6257
3933
3935
4842
5778
3937
5801
3937
3938
4310
5970
4309
5780
5801
3942
6533
6539
3941
3943
5251
4300
5252
3943
4301
3945
3948
3950
3952
5965
3947
3954
4297
5762
3951
3953
3953
3955
3954
3956
4299
3951
3958
3961
4647
5613
3954
3956
6066
5455
3960
4653
5634
3959
5613
3960
5612
3961
3964
3966
3967
4394
5694
3968
3967
5051
3967
5695
5695
6283
3970
4041
4668
3971
5562
4289
5561
3973
4667
5562
4493
5563
3975
5580
6043
4937
5579
5603
3977
3979
5785
3978
3981
3980
5953
3984
5784
3981
4679
3982
4680
5785
3985
4675
5785
3985
5083
5078
3987
3989
5787
4693
5689
3989
5689
6028
4700
4278
4848
5465
3993
4257
5789
3993
4717
4838
3994
4852
5464
3996
4002
5791
3997
3999
3998
4000
3999
4712
4283
4001
4002
4003
6344
4003
4004
4011
5570
4007
4009
4007
4008
4013
4279
4009
4012
4010
4011
4012
5571
5791
5792
4282
5792
4023
5794
4019
5633
4020
5634
5794
4018
4022
5794
4019
4020
4021
4021
5630
5633
4023
4031
4029
4025
4030
4026
5753
4028
4575
5622
5754
4567
5754
4031
4032
5623
4032
4033
5622
5461
5461
4037
4038
4453
4040
4291
6002
4039
6070
4040
6675
4044
4815
4043
5992
4044
4110
4105
4075
4102
4047
4157
4205
4048
4050
4049
4092
4094
4051
4162
4163
4053
4144
4152
4054
6306
4055
4165
4164
4057
5956
4058
4060
4147
6031
4062
5963
6604
4061
4148
4062
6051
4149
4066
4068
4721
5958
4067
4098
5225
4066
4067
4858
4860
5968
4068
4084
4071
4085
4104
4072
4088
4260
4074
4258
4073
5453
4077
5152
4075
4080
4079
4103
4078
5457
6681
4079
4261
5144
4080
6266
4080
6267
4262
4082
4083
4738
4084
4726
4085
4100
4099
4722
4096
4730
4087
4088
4736
4089
4727
4731
6546
4723
5534
4091
4211
5798
4092
4093
4206
4094
4740
6170
4097
4101
4104
4100
4104
6547
4098
4100
4099
4100
4102
4742
4103
4741
4104
4107
4110
4817
4107
4109
4112
4753
6603
4110
4114
6072
4112
4114
6603
4113
6375
5799
6071
6071
4116
4117
4844
4976
6082
4126
4130
4570
4120
4121
6140
4122
6137
4122
4124
4123
4127
4468
6579
4125
4129
4126
5803
5802
4128
4129
4130
4536
4130
4140
4142
4703
4133
4142
4697
4134
4527
4143
4531
4136
4139
5616
4141
4138
4139
4140
4139
4696
5617
4141
4143
4143
4153
5485
5969
4147
5486
6073
4148
4150
5485
4148
4149
4151
4151
4160
4159
4153
4158
4165
4160
4754
4156
4158
4161
4156
4159
4506
6116
4157
6118
4162
4814
4160
4160
4755
4162
4165
4163
4164
4812
4165
4810
4167
4168
5546
4295
5558
4169
5545
4170
5557
4172
4173
4173
5545
4175
4761
4174
4760
5557
5804
4182
4184
4184
4186
4179
4183
4185
4180
5741
4557
5567
4182
4183
5567
5566
4184
4186
5870
4772
4192
5067
5482
4189
4204
4190
4191
4476
4192
5482
4197
4201
4195
4196
4200
4197
4198
4199
4201
6106
6104
4204
4617
5287
4204
4622
4206
4208
4785
4211
4786
4208
5903
6054
4209
4210
5999
4211
6618
4781
4782
6595
6618
4216
6612
6650
4215
4216
6612
6691
6660
4218
4219
4221
4220
4222
4223
4226
4227
4229
4222
4231
4232
4224
4227
4225
4228
4226
5772
4231
4228
4230
4230
5500
5501
5773
5500
5773
4234
4235
4236
4240
5628
4237
4246
4243
5629
4238
4245
4244
4247
4240
4241
4253
4246
4242
4249
4248
4250
4245
5807
4245
5806
4254
4248
4255
4256
4250
4251
5507
5806
4252
5508
5628
5629
5807
4254
4256
4255
4256
4258
4850
5106
4262
4729
4260
4261
4728
4262
5458
5912
6068
4266
4321
4379
4747
4267
4269
4270
4273
4319
5483
4268
4272
4273
5809
5147
5809
5138
5811
4272
5811
5813
4273
5484
4275
4339
6683
5167
6684
4285
4847
5550
5814
4278
5711
5814
5816
4846
4282
4288
4281
4287
5814
4282
5816
4284
4284
5816
5791
4286
4287
4288
5100
4288
4290
4816
6506
4292
5564
4292
4988
4293
6002
6457
6506
5890
6250
4759
4297
4298
4299
4299
6439
5129
4301
4302
4971
4304
5819
5955
4304
5955
4305
5296
4307
5893
4308
4312
5573
4310
5573
5778
4311
4315
4316
5231
5315
4313
4315
4316
5893
5964
5574
5779
4316
6026
4941
4319
4320
4326
4322
4324
4466
4321
5813
4328
4329
4322
4323
5163
5812
4324
4329
4338
6241
4326
4331
5813
6206
4328
4330
4334
4335
4337
5701
4337
4332
4336
5812
4334
4335
5491
6206
4338
5009
5020
4341
4344
6427
5134
6421
4343
4347
6426
4344
4345
4346
6396
4349
4348
4349
4352
4353
4351
4352
5844
4353
4353
4356
4358
5927
4359
4670
4916
5864
5322
6024
6029
4358
4915
6029
4359
4917
4777
5069
4672
5076
5451
4363
4364
4923
4921
5073
4365
4400
4950
5068
4367
4369
5480
4368
5822
4370
4373
4372
4374
5822
5824
4375
4376
4454
5590
4373
4377
4378
4375
5480
6075
4377
4379
4378
4380
5703
4380
4455
4457
5063
5822
5826
6014
4386
5826
5959
4385
5479
5959
4385
4391
5479
5764
5057
4387
4388
4390
5479
4389
5829
4390
5055
4391
5050
4393
5113
5448
5291
5602
4868
5052
5841
4397
4865
5046
5745
5831
4398
5047
6333
4400
4642
4925
5899
4561
4951
4402
4403
4406
4407
4414
4404
4409
4405
4408
4406
4410
5832
4411
5756
4409
4412
4413
5832
6087
5832
4413
4414
5758
4417
4418
4419
4420
4423
5477
4421
4424
4422
5834
5478
5836
4421
4425
5666
4422
4423
5834
4425
5836
4426
5478
5836
4428
4432
5025
4430
4433
4436
4431
5044
5038
6310
4434
5045
4437
4438
4436
6502
4437
4439
5043
5679
4507
5042
6310
4441
4724
5447
5228
5840
6533
4445
5023
5983
4829
5984
6530
4473
5407
6530
4447
4449
6451
6614
5117
6589
6664
4450
4452
4986
5693
4450
4451
6596
6451
4452
6664
4453
4985
6663
4455
5065
6289
4457
4748
4458
4460
4462
5475
5824
4459
5476
5060
5825
4461
5059
4463
4683
5842
4463
4750
4744
4465
4466
6338
6345
5843
5008
5164
4794
5891
4537
4805
4677
5451
6416
4471
6529
4472
4541
4474
5945
5444
4476
4480
5177
4479
4478
4485
4969
4483
4480
4483
4481
4482
5115
5114
5818
5821
4484
4485
5818
5819
4487
4488
6261
4669
6042
6218
4491
5565
4490
4493
5564
4494
5474
4497
5474
4493
4666
6042
4494
5565
4497
4614
6449
4983
5120
6449
6451
4982
6258
4499
4974
5449
4500
4505
4504
4505
4502
4505
4503
6660
4504
5905
4970
4756
6370
6486
4508
4512
4957
4509
4511
5416
4511
6128
4512
6173
6310
4514
4515
4533
4517
4516
4518
4534
6541
4519
5646
4521
4522
5732
6286
5418
6047
4523
4525
5733
4525
6047
6601
6665
4529
4531
4695
4532
6407
4531
4534
5846
4534
5846
4538
4569
4537
4540
4571
4541
4579
4539
6063
4548
4543
4544
5674
4543
4543
6166
4578
4553
4555
4573
4551
4557
5566
4548
4580
4678
4549
4572
4553
4559
5706
4551
4552
4559
4558
4553
4554
4555
4557
4556
4557
4581
5742
4559
4674
5708
4563
5262
5849
4565
4953
5752
4563
5267
5752
5751
4565
4888
5751
4641
4910
4567
4570
4576
4574
4575
4569
4577
4582
4572
6192
4571
4804
4578
4579
4573
4580
4581
6193
4802
4586
4578
5736
5850
4578
5851
4580
4806
4803
4763
4583
6190
4584
4588
5806
6191
4586
4587
4590
5850
6353
4593
5655
5850
4595
5851
6353
4590
4592
4592
4600
4593
4601
4596
4597
4596
4598
4598
4600
4599
4601
5851
6199
4601
4603
5375
5868
4898
5852
4606
5205
5768
4611
4944
6600
4609
5596
4609
4610
4611
4609
4612
5236
5597
6600
6602
4612
4942
5597
5769
6586
6600
4616
5285
4621
4938
5277
4618
4620
5712
4620
4622
5286
4619
5471
5774
6598
4622
5470
6598
4624
4625
4627
4635
4626
5857
4628
4628
4631
4629
4630
4633
4634
5854
5857
4634
5854
5855
5857
4934
5872
5985
6024
5858
5860
5987
4639
5952
6468
4640
5580
4641
4924
4642
4906
4926
4919
6465
4645
4647
5131
6053
4646
4651
4647
5469
4652
4649
4655
4657
4659
4651
4661
5468
4662
4653
4656
5612
4663
5130
4655
4656
5469
5468
4664
5614
4658
4664
4663
4660
4661
4662
4662
4664
4666
5862
6223
6620
4667
5318
4668
5862
5861
6216
6260
4676
4682
4774
4672
4676
4773
5077
4673
4677
4674
4675
5708
4678
4676
4681
5079
4678
4796
4795
4680
5300
5447
4681
4682
5195
5863
4870
4685
5866
4686
4692
4687
4693
4869
5787
4691
4693
4875
5688
4690
5866
6242
4691
4692
4693
4695
4696
6558
4697
4877
4703
5714
4703
4705
4700
4701
5715
4700
4876
5714
6028
4707
4706
4710
4703
4704
5715
4705
4706
4709
4708
4711
4871
5787
4709
5749
5750
4711
5748
5747
5788
4821
4827
4715
5880
5912
4715
4718
6622
4719
4717
4719
5789
4718
4833
4719
5790
4861
5996
4722
4820
4859
6569
6364
6568
4725
4734
4845
4727
5975
4739
4737
4729
4731
4730
4851
4731
4738
4736
4733
4738
4853
4735
4849
5427
4735
4737
4739
5156
4737
4739
4739
4787
4793
6295
4742
4835
4745
4824
5145
4750
5882
4746
4747
5809
4748
4748
4823
4751
4750
4831
4751
5476
4753
4967
5799
4755
4807
6109
4756
4811
4758
6572
4759
4760
4769
4761
5716
5717
5804
4767
4768
6092
4764
4771
4770
4766
5717
5869
4767
5805
4770
4769
5805
6091
5558
5804
4771
5743
5742
5869
5716
5869
4774
4777
4797
4776
5197
4776
5109
4777
4779
4780
5797
6597
4789
5860
6677
4781
4788
5798
4783
4784
4783
6077
6597
6618
4786
4790
4786
5873
5903
4787
4791
5874
4789
4790
4792
5323
5403
4791
5320
4793
5356
4793
5402
4801
5191
6157
4796
4803
4797
4798
4800
5194
4799
4805
4800
4802
4804
4806
4806
4806
4810
4811
4809
4810
5155
4813
4840
5354
4812
6486
4813
4814
5874
6295
5873
6486
4816
4817
5317
4818
5800
4862
5254
5368
6230
4822
5016
6344
4830
4824
5172
5881
6588
4826
4829
5220
5961
4827
4831
4830
4832
4829
4836
5229
5840
5465
4831
4834
5883
4833
5465
4834
4838
4835
4837
5884
4837
5464
5839
4838
5464
4840
5886
5355
4842
5312
5779
5795
4843
5888
4844
6082
5888
5154
5347
5446
4847
4848
5102
5101
6366
4852
5946
4853
5443
4851
4852
5103
4853
4853
4856
4874
5381
6527
6527
5842
4859
5227
4860
5226
4860
5360
5297
4863
6475
6509
4863
5364
5369
4867
4869
4870
4866
4868
4867
4878
4872
5746
4873
4871
4875
4873
5867
4872
4876
4879
5747
4874
5842
5868
5853
5867
5853
6558
4879
6558
4879
5750
4883
4885
4904
4886
4908
5849
4883
4884
4889
4890
4885
4891
4997
4890
4893
4888
5848
6005
4911
5849
4890
4892
4894
4999
4893
4895
5848
4895
4896
4897
4897
4993
4899
5378
6554
4900
4901
4904
4905
5373
4903
4912
6522
4906
4905
4908
4909
4992
4907
4910
4909
4913
4911
6562
4911
4911
6563
4913
5379
6524
5374
4915
5950
6468
4917
4918
4917
5085
6145
4920
4922
4924
4926
5099
4921
4922
4923
5084
4923
4925
4926
6468
4926
5094
4929
5268
5460
5572
4929
4930
6619
4931
4933
5460
5892
6619
4933
5112
5272
5986
4934
5456
5269
5460
4936
4938
4939
4937
5602
6008
4940
4940
6008
5775
5894
4946
4947
5232
4944
4947
5237
4944
4948
5206
5211
4946
4948
5207
6023
5189
5964
4948
6026
4952
5898
6274
4951
5896
4953
5898
4953
5256
6557
5258
4958
5724
5900
4963
5725
5900
4964
5662
5900
4965
4964
5677
4960
5677
5724
4962
6442
6445
5725
6445
5676
4965
5676
5679
4967
5255
6374
5902
6161
6374
4970
4972
5450
5904
4972
5253
5819
6565
4974
4975
4977
5907
4979
4978
4979
4980
5935
5238
6082
4980
5239
4982
5183
6259
4983
4987
4986
5121
4988
5116
5293
4986
4988
5119
4987
5474
6480
6479
4990
4991
6212
4994
4995
4997
4996
4999
4996
4998
4999
4999
5005
5576
6429
5004
5007
5175
5003
5010
5140
5169
5006
5908
5009
5011
5006
5908
5008
5843
5168
5010
5176
5012
5012
6421
6429
5910
5014
5015
6345
5016
6344
5019
5165
5879
5879
6229
5018
5021
5997
5022
5913
5161
5997
5021
5022
5223
5408
5025
5029
5031
5027
5038
5027
5030
5033
5034
5032
5033
5035
5040
5042
5031
5032
5726
5727
5034
5036
5036
5037
5044
5041
5045
5042
5044
5040
5041
5043
5726
5727
5043
5045
5045
5047
5052
6403
5054
5771
5055
5914
6403
5050
5051
6403
5055
5057
5052
6291
5053
5058
5059
5841
5059
5062
5056
5063
5829
5914
5064
6291
5065
6289
6291
5060
5061
5066
5062
5770
5771
5064
5066
5065
6014
5066
5824
5215
6494
5071
5073
5072
5074
5077
5071
5072
5073
5086
5075
5203
5201
6328
5077
5093
5917
5087
5079
5081
5083
5085
5087
5081
5082
5091
5092
5083
5088
5089
5085
5086
5094
5090
5087
5093
5095
5918
5090
5784
5918
5099
6146
5097
5093
5099
5096
5097
5098
5099
5918
5101
5126
5102
5105
5103
5104
5106
5105
5125
5889
5107
5458
5789
5920
5110
5111
5200
5110
5198
5876
5113
5112
5186
5456
5190
5937
5188
5876
5115
6454
5117
5178
5119
5185
5118
5120
5119
6663
5121
5121
5179
5923
5129
5130
6250
5124
5133
5128
5131
6067
5126
6250
5127
5132
5129
5455
5131
5134
6392
5134
5136
5138
5141
5137
5139
5138
5159
5810
5147
5140
5142
5166
5143
5148
5143
5150
5152
5170
5147
5152
5162
5147
5148
5151
5149
5150
5151
5152
5454
5155
5157
5343
6424
5156
5436
6424
5978
5432
5310
5437
6083
5307
6083
5162
5163
5166
5161
5167
6068
5165
5175
5170
5881
5164
5172
5168
5171
5171
6269
5169
5174
5173
5176
5169
5175
5176
5174
6271
5172
6345
5881
5174
6270
6684
5176
5178
5180
5179
5181
5922
5181
5288
5280
6449
5183
5184
5923
5278
5410
5922
5923
5188
5190
5219
5188
5330
5875
5210
5190
5208
5230
5337
5435
5333
5439
5446
5198
5326
5875
5197
5196
5197
5198
5199
5925
5198
5200
5301
5924
5926
5937
5203
5415
5203
5916
6131
5917
5243
5246
5450
5906
5235
5929
5207
5211
5213
5208
5217
5219
5210
5216
5448
5219
5212
5928
5234
5929
5214
5928
5215
5217
5216
6498
5218
6377
5218
6012
5219
6111
5222
5229
5883
5223
5228
5223
6052
5224
5380
5226
5228
6545
5227
5933
5229
5884
5232
5338
5232
5314
5780
5237
5242
5906
5934
5235
5237
5236
5934
5237
5781
5239
5780
5781
5934
5241
5242
5331
5245
5421
6657
5243
5244
5245
5246
5247
5248
6654
5904
6651
5248
5249
5424
6537
5253
5411
6537
5251
6537
6539
6656
5252
6650
5253
5905
5904
5255
5365
5257
5258
5259
5259
5267
5263
5896
5261
5265
6318
5262
5732
5267
5264
5266
5265
6319
5266
5267
5269
5273
5406
5270
5272
5271
5324
5404
5936
5941
5273
5936
5274
5892
5275
5893
5939
5405
5938
5292
5361
5279
5286
5280
5282
5283
5289
5285
5288
5282
5284
5290
5412
5931
5284
5287
5288
5286
5287
5288
5290
5291
5448
5930
5930
5295
5363
5294
5295
5296
5299
5298
5298
5367
5299
5967
5366
6509
5302
5349
5863
5351
5863
5926
5304
5953
5304
5319
5353
6484
5340
6566
5309
5329
5341
5336
5936
5939
5308
5310
5885
5312
5313
5310
5342
5886
5325
5312
5796
5885
5316
5314
5332
5315
5339
5316
5939
5779
5938
5943
6136
5323
5943
5322
5927
5940
5872
5324
5871
5872
5940
5329
5332
5438
5327
5330
5925
5328
5431
5422
5334
5336
5337
5332
5430
5339
5334
5440
5925
5350
5924
5336
5337
5924
5937
5339
5338
5339
5346
5349
5353
5342
5350
5343
5355
5345
5354
5345
5346
5878
5347
6424
5347
5348
5349
5350
5446
5351
5351
5352
5941
5942
5878
5942
5355
5877
5877
5942
5362
5371
6552
5359
5368
5365
5400
5367
5368
5363
5364
5398
5363
5367
5372
5366
5365
5369
5399
5367
5369
5369
5372
6551
5372
5376
6551
5374
5378
5379
5378
5381
5382
5377
5933
5379
5381
6359
5379
5382
5932
5932
5385
5387
5393
5386
5388
5391
5686
6039
6059
6086
6567
5390
5392
5396
6078
6148
5393
6039
6086
5397
5686
5687
6362
6364
5395
5397
5394
5395
6078
5396
6362
6362
5399
5401
6552
5400
6149
5403
5404
6677
5406
5406
6302
5408
5409
5944
5411
5412
5414
5415
5418
6328
5417
5419
6601
5420
5977
5418
5977
6615
6287
5420
5734
6081
5424
5429
5430
5423
5430
5431
5424
5425
6535
5428
5444
6535
5427
5433
6535
5432
5442
5435
5442
5891
5433
5437
6648
5438
5435
5440
5433
5436
6647
5435
5439
5442
5437
5439
5438
5440
5440
6079
5443
5946
5445
6530
5891
5447
6378
5450
5907
5452
5916
6417
6464
5454
5578
5990
5587
5458
5920
5460
5859
5985
5462
5463
5796
6610
5887
6585
5465
5974
5861
5974
5469
5471
5775
6598
5473
5704
6574
5693
5476
5825
5478
5834
6076
6075
5482
5484
5486
6623
5488
5490
5492
5494
5631
5496
6398
5498
5604
6003
5501
5772
5627
5504
5641
5506
5644
5508
5510
5512
5514
5516
5518
5520
5522
5524
5526
5528
5530
5532
5534
5687
5536
5541
5538
5544
5540
5542
5718
5542
5544
5546
5548
5550
5815
5552
5569
5554
6590
5556
5558
5560
5746
5747
5562
5563
5564
6046
6042
5567
5569
5571
5859
6302
5574
5778
5576
5578
5580
5582
5584
5586
6023
6024
5589
5591
5593
5595
5995
5597
5768
6602
5599
5626
5601
5603
5605
5607
5830
6333
5609
5611
5613
5615
5617
5619
5619
5691
5621
6383
5623
5753
5625
5627
5629
5632
5632
5634
5636
6662
5638
5640
6332
5642
5644
5646
6058
5648
5740
5650
5652
5654
5736
5991
5657
5667
5659
5661
5663
5901
5665
5667
5669
5671
5673
5674
5675
5677
5679
5681
5683
5685
5687
6059
5689
6021
5691
6056
5693
5695
6282
5697
5699
6587
5701
5703
5703
5705
5707
5709
5711
5817
5713
5715
5717
5719
5721
6176
5723
5725
5727
5729
5731
5733
6126
6601
5736
6065
5738
5740
5847
5742
5870
5744
5746
5748
5749
5750
5752
5754
5756
5758
5760
6439
6511
5762
5763
5767
5765
6076
5767
5769
5928
5771
5914
5773
5775
5895
5777
6067
5782
5779
5781
6053
5784
5919
6041
5786
5788
5790
5921
5792
5794
5796
5887
5798
5800
6072
6082
5803
6140
5805
5807
5809
5811
5812
5813
5815
5817
5819
6015
5821
6606
6672
6015
6455
5823
5827
5825
5827
5829
5829
5831
6335
6333
5833
5835
5837
6503
5840
5842
5844
6047
5847
5849
5851
5853
5868
6555
6021
5855
5857
5859
6678
5951
6597
5862
5864
5927
5866
6243
5868
5870
5872
5951
5874
5877
5876
5878
5880
5913
6228
6268
5883
5884
6544
5886
5888
5890
6366
6571
5947
5893
5986
5895
6074
6217
6626
5897
5899
5901
5903
5905
6649
5907
5935
5909
5910
5911
6429
5913
5997
5915
5917
6463
5919
5921
5923
5925
5927
5941
5929
6499
5931
6347
5933
5935
5937
5939
5941
5943
5943
5945
5947
6366
6011
6016
5987
6009
6013
6007
6029
5987
6077
6007
6045
6079
6041
6086
6013
6017
6631
5982
6015
5996
6031
6001
6029
5968
6422
5989
6014
5971
6085
6422
5984
6052
6040
6071
6051
6099
5986
6053
6066
5968
5971
6030
5968
6030
6069
6110
6605
6623
6000
6026
6021
6056
5998
6039
6593
5998
6059
5980
6046
6081
6004
6083
6002
6011
6018
5994
5984
6052
5987
6009
6619
6048
6060
6061
6327
6075
6066
6067
6033
6065
6040
6072
5995
6019
6606
6020
6069
6509
6068
6054
6096
6006
6007
6617
6630
6046
6025
6076
6084
6482
6605
6102
6119
6026
6074
6582
6027
6114
6023
6112
6077
6075
6606
6018
6629
6020
6028
6025
6076
6027
6055
6031
6069
6033
6065
6060
6062
6036
6037
6038
6611
6611
6059
6078
6130
6045
6582
6070
6592
6080
6617
6328
6088
6050
6064
6063
6101
6246
6067
6095
6056
6058
6124
6122
6089
6062
6064
6663
6676
6072
6085
6107
6623
6621
6086
6080
6621
6655
6481
6643
6655
6108
6640
6089
6513
6091
6093
6092
6093
6456
6508
6590
6096
6098
6591
6625
6696
6305
6625
6101
6477
6477
6603
6120
6104
6105
6106
6106
6108
6110
6253
6423
6110
6252
6112
6113
6377
6114
6114
6116
6117
6118
6370
6118
6120
6122
6314
6315
6318
6315
6126
6127
6314
6128
6128
6130
6219
6218
6620
6132
6134
6133
6164
6134
6136
6138
6139
6140
6142
6144
6347
6146
6148
6150
6150
6152
6153
6154
6156
6157
6158
6158
6159
6161
6162
6163
6165
6167
6169
6171
6292
6173
6175
6311
6175
6177
6179
6628
6181
6183
6185
6186
6187
6189
6191
6192
6193
6195
6197
6199
6201
6201
6203
6205
6208
6207
6208
6209
6211
6213
6215
6217
6218
6219
6221
6577
6222
6223
6620
6225
6293
6227
6229
6231
6235
6233
6235
6237
6239
6241
6338
6243
6245
6246
6247
6249
6251
6253
6255
6257
6259
6261
6261
6626
6263
6265
6267
6271
6269
6271
6588
6271
6273
6275
6277
6652
6279
6280
6281
6282
6283
6285
6542
6575
6287
6289
6290
6291
6293
6295
6297
6299
6301
6303
6669
6680
6303
6678
6305
6483
6307
6584
6605
6482
6309
6311
6313
6315
6317
6319
6321
6323
6325
6327
6665
6330
6332
6334
6336
6338
6346
6340
6342
6344
6346
6346
6349
6349
6351
6351
6353
6355
6356
6358
6553
6360
6524
6527
6362
6363
6364
6366
6368
6370
6373
6372
6478
6374
6376
6378
6380
6382
6404
6387
6385
6386
6387
6389
6389
6391
6397
6393
6395
6420
6397
6399
6401
6403
6405
6407
6409
6411
6415
6413
6418
6415
6417
6419
6421
6423
6425
6427
6429
6431
6433
6435
6437
6439
6441
6443
6444
6445
6576
6447
6449
6450
6451
6453
6455
6674
6457
6507
6458
6460
6462
6464
6464
6466
6468
6470
6472
6474
6476
6476
6508
6478
6603
6480
6483
6607
6483
6485
6487
6489
6491
6492
6493
6560
6495
6498
6497
6564
6499
6501
6503
6505
6507
6509
6511
6513
6515
6517
6519
6520
6521
6523
6523
6525
6525
6526
6527
6529
6531
6534
6533
6538
6535
6536
6537
6538
6539
6541
6543
6545
6547
6549
6551
6553
6553
6555
6559
6557
6563
6559
6561
6561
6563
6565
6567
6569
6580
6572
6574
6576
6641
6690
6579
6581
6621
6638
6585
6600
6602
6592
6614
6696
6664
6608
6638
6686
6614
6641
6690
6624
6625
6639
6692
6616
6613
6639
6692
6617
6630
6624
6640
6630
6631
6632
6632
6635
6661
6635
6637
6662
6636
6637
6642
6643
6643
6646
6647
6645
6652
6658
6651
6659
6647
6656
6648
6655
6657
6650
6651
6660
6656
6654
6653
6655
6658
6656
6657
6658
6660
6662
6664
6666
6668
6669
6670
6670
6672
6673
6674
6674
6675
6676
6676
6678
6679
6680
6680
6682
6683
6684
6684
6686
6687
6688
6688
6689
6690
6690
6692
6693
6694
6694
6695
6696
6696
)


// ************************************************************************* //
