/*--------------------------------*- C++ -*----------------------------------*\
  =========                 |
  \\      /  F ield         | OpenFOAM: The Open Source CFD Toolbox
   \\    /   O peration     | Website:  https://openfoam.org
    \\  /    A nd           | Version:  9
     \\/     M anipulation  |
\*---------------------------------------------------------------------------*/
FoamFile
{
    format      ascii;
    class       labelList;
    note        "nPoints:1781  nCells:6697  nFaces:14574  nInternalFaces:12214";
    location    "constant/polyMesh";
    object      owner;
}
// * * * * * * * * * * * * * * * * * * * * * * * * * * * * * * * * * * * * * //


14574
(
0
0
0
0
1
1
1
2
2
2
3
3
3
4
4
5
5
5
5
6
6
6
7
7
7
8
8
9
9
9
10
10
10
11
11
12
12
12
13
13
14
14
15
15
16
16
17
17
18
19
19
19
19
20
20
21
21
21
22
22
23
23
23
24
24
25
26
26
26
27
27
27
28
28
29
29
30
30
30
31
31
32
32
33
33
33
34
34
34
35
35
35
36
36
37
37
37
37
38
38
39
39
40
40
40
41
41
42
42
42
43
43
44
44
44
44
45
45
46
46
47
47
48
48
49
50
50
50
51
52
52
52
52
53
53
54
54
54
55
56
56
57
57
58
59
59
60
60
61
62
62
63
64
65
65
65
65
66
66
66
67
67
67
67
68
68
68
69
69
69
70
70
71
71
71
72
72
72
73
73
74
74
74
75
75
75
76
76
76
77
77
78
78
78
79
80
80
81
81
82
83
83
83
84
84
85
85
85
85
86
86
86
86
87
87
87
87
88
88
89
89
89
90
90
90
91
91
92
92
93
93
94
95
95
95
95
96
96
96
97
97
97
97
98
98
98
99
99
99
99
100
100
101
101
101
101
102
102
102
103
103
103
104
105
105
105
105
106
106
106
107
107
108
109
109
110
111
111
111
112
113
113
113
114
114
115
117
117
117
117
118
118
118
119
119
119
120
120
120
121
121
122
122
122
123
123
123
123
124
124
124
125
125
126
126
127
127
127
128
128
129
129
130
130
130
131
131
131
132
132
133
133
133
134
134
135
135
136
136
136
137
137
138
139
139
139
139
140
140
140
141
141
141
141
142
142
142
143
143
143
144
144
145
145
145
146
146
146
147
147
147
148
148
149
149
149
149
150
150
151
151
152
152
152
153
154
154
154
155
155
156
157
158
158
158
158
159
159
159
159
160
160
160
161
161
161
161
162
162
163
163
163
164
164
164
165
165
165
166
166
166
167
167
167
168
169
169
169
170
170
171
171
172
172
173
173
173
174
175
175
176
176
176
178
178
178
178
179
179
179
179
180
180
180
181
181
181
182
183
183
183
184
184
184
185
185
185
185
186
186
187
187
187
187
188
188
189
189
189
190
190
191
192
192
193
193
193
194
194
195
195
196
197
197
197
197
198
198
198
199
199
199
199
200
200
200
201
201
201
202
202
202
203
203
204
204
204
204
205
206
206
208
208
208
208
209
209
209
209
210
210
210
211
211
212
212
212
212
213
213
214
214
214
215
215
215
216
216
216
217
217
218
218
218
218
219
219
219
220
221
221
222
222
223
223
223
224
224
225
225
226
227
227
227
227
228
228
228
229
229
229
229
230
230
231
231
231
232
232
233
233
234
234
235
235
235
236
238
238
238
238
239
239
240
240
240
240
241
241
242
242
242
244
244
244
245
245
245
246
246
246
246
247
247
248
248
248
249
249
250
250
250
251
251
252
252
252
253
253
255
256
256
257
257
258
258
260
260
260
260
261
261
261
262
262
262
263
263
263
264
264
264
265
265
265
265
266
266
266
267
267
267
268
268
269
269
269
270
270
270
271
271
272
272
272
273
274
274
275
275
276
276
276
276
277
277
277
278
278
278
279
280
280
281
282
282
283
283
284
285
285
285
285
286
286
286
286
287
287
287
288
288
288
289
289
289
290
290
290
290
291
291
291
292
292
293
293
293
294
295
295
296
297
297
299
299
299
299
300
300
301
301
301
301
302
302
302
303
303
304
304
305
305
305
306
306
307
307
308
309
309
309
310
310
311
311
311
312
313
314
314
315
316
317
317
318
318
318
319
319
319
320
320
321
321
321
322
322
322
323
323
323
324
324
325
325
325
325
326
326
326
326
327
327
327
328
328
328
329
330
330
330
331
331
332
333
335
335
335
335
336
336
336
337
337
337
338
338
339
339
339
340
340
341
341
341
341
342
342
342
343
343
343
344
345
345
346
346
346
347
347
347
348
349
349
350
350
350
351
352
352
352
352
353
353
353
354
354
355
355
355
356
356
356
357
357
357
358
358
358
358
359
359
360
360
361
362
362
362
363
364
364
364
365
365
366
367
367
369
369
369
369
370
370
370
370
371
371
372
372
372
373
373
373
374
374
375
375
376
376
376
377
378
379
379
379
379
380
380
381
381
381
382
382
382
383
383
384
384
384
385
385
386
386
386
388
388
389
389
390
390
390
390
391
391
391
392
392
392
392
393
393
393
394
394
395
395
395
396
396
397
397
397
397
398
398
399
399
400
400
400
401
401
402
402
403
403
403
404
405
405
405
405
406
407
407
407
408
409
409
410
410
411
412
412
412
412
413
413
413
414
414
415
416
416
416
417
417
418
418
419
420
420
420
420
421
421
421
422
422
422
422
423
423
424
424
424
424
425
425
425
426
426
427
427
427
427
428
428
428
429
429
430
430
431
431
431
431
432
432
432
433
433
434
434
435
435
435
436
437
437
437
437
438
438
439
439
439
440
440
441
442
443
444
444
444
444
445
445
445
446
446
446
446
447
447
447
448
448
448
449
449
449
450
450
451
451
451
452
452
453
453
453
454
454
455
455
456
456
457
457
457
458
458
458
459
459
459
459
460
460
461
462
462
462
462
463
463
463
464
464
464
465
465
465
466
466
467
467
467
468
468
469
469
469
470
470
470
471
471
471
472
472
473
473
473
474
474
475
475
475
476
477
477
478
479
479
479
480
480
481
481
481
482
482
483
483
483
484
484
485
486
486
486
487
487
488
488
489
490
490
491
491
492
492
493
493
494
494
494
495
495
495
496
496
496
497
497
498
498
499
499
499
500
500
501
501
501
502
503
503
504
504
505
506
506
506
506
507
507
508
508
508
508
509
509
509
510
510
510
511
512
512
512
512
513
513
513
514
514
514
515
515
516
516
516
517
517
517
518
519
520
520
521
521
522
522
522
523
524
524
525
525
526
527
527
527
528
528
530
530
530
531
531
531
532
532
533
533
533
533
534
534
534
535
535
535
536
536
536
536
537
537
537
538
538
539
540
540
540
540
541
541
541
542
543
543
544
545
545
545
546
547
547
548
550
550
550
550
551
551
551
552
552
552
553
553
553
554
554
555
555
555
556
556
556
556
557
557
558
558
558
559
560
560
561
561
561
562
562
562
563
564
565
566
567
568
568
568
568
569
569
569
570
570
570
571
571
571
572
572
572
573
573
574
574
575
576
576
576
577
577
578
578
578
579
580
580
580
581
581
581
582
582
583
583
584
584
584
585
585
585
586
586
587
587
587
587
588
588
588
588
589
589
589
590
590
591
591
592
592
592
593
593
593
594
594
594
595
595
596
596
597
597
597
598
598
599
599
600
600
600
600
601
601
601
602
602
602
603
603
604
604
604
605
605
605
605
606
606
607
607
607
607
608
608
609
609
610
610
611
612
612
612
612
613
613
613
613
614
614
614
614
615
615
615
616
616
616
617
617
617
618
619
619
619
620
620
620
621
621
622
623
623
624
624
624
625
625
626
627
627
627
627
628
628
629
629
629
630
630
631
631
631
632
632
632
633
633
634
634
635
636
637
637
637
638
638
638
639
639
640
640
641
642
642
642
642
643
643
643
644
644
644
645
645
645
646
646
646
647
647
648
648
648
649
649
650
650
650
650
651
651
651
651
652
652
653
654
654
654
654
655
655
655
656
656
656
657
657
657
658
658
658
659
659
659
659
660
660
660
661
661
661
662
662
663
663
663
664
664
664
665
665
666
666
666
666
667
667
667
668
668
669
669
669
670
670
670
671
671
672
672
672
673
673
674
675
675
675
676
677
678
678
679
680
680
681
681
682
683
683
683
684
684
685
685
685
685
686
686
687
687
687
688
688
689
689
690
690
690
691
691
691
692
693
693
694
694
695
696
696
696
697
697
697
697
698
698
699
699
699
701
701
702
702
703
703
703
704
704
705
706
706
706
707
708
708
709
709
710
710
710
710
711
711
711
712
712
712
713
713
713
714
715
715
715
716
716
717
717
717
718
719
719
719
719
720
720
720
721
722
722
723
724
725
725
725
725
726
728
728
728
728
729
729
729
730
730
730
731
731
731
732
732
732
732
733
733
733
734
735
735
735
736
736
736
737
737
737
738
738
738
739
739
740
740
742
742
742
742
743
743
743
744
744
744
745
746
746
746
747
747
747
748
748
749
749
749
749
750
750
750
751
751
752
752
752
753
753
754
755
755
755
755
756
756
756
757
757
757
758
758
759
759
760
761
761
762
762
763
763
764
764
764
765
765
766
767
767
768
768
768
769
769
769
770
770
770
771
771
771
772
772
772
772
773
773
773
774
774
775
775
776
776
777
777
778
778
779
780
780
781
782
782
782
783
783
784
784
784
784
785
785
785
786
786
787
787
787
787
788
788
788
789
789
789
790
790
791
791
791
791
792
792
792
793
793
793
794
794
795
795
795
796
796
797
797
798
798
798
799
800
800
800
801
801
802
802
803
803
804
804
805
805
805
805
806
806
806
806
807
807
807
808
808
809
809
809
809
810
810
811
811
811
812
812
814
814
814
814
815
815
815
815
816
816
816
817
817
817
817
818
818
819
819
820
820
821
821
821
821
822
822
823
823
824
824
824
825
825
825
826
826
827
827
827
828
828
829
829
829
830
830
830
831
832
832
833
833
833
834
835
836
837
837
837
837
838
838
839
839
839
840
841
841
842
843
843
843
844
844
845
846
846
847
847
848
848
849
849
849
849
850
850
850
850
851
851
852
852
852
852
853
853
853
854
854
854
855
855
855
856
856
856
857
857
858
858
859
859
860
860
860
860
861
861
862
862
862
863
863
863
864
864
864
864
865
865
866
866
867
867
867
868
868
869
869
869
870
871
871
872
872
873
873
873
874
874
874
875
875
876
877
877
877
877
878
878
878
879
879
879
880
880
881
881
881
882
882
882
883
883
883
884
884
885
886
886
888
888
888
888
889
889
890
890
890
890
891
891
892
892
892
893
893
894
894
894
895
895
895
896
896
896
897
897
897
898
898
899
899
900
901
901
901
902
903
903
903
904
904
905
905
906
906
907
907
907
907
908
908
908
909
909
909
910
910
910
911
911
912
912
912
913
914
914
915
916
916
916
917
917
918
918
919
919
920
920
921
921
922
922
923
923
924
926
926
926
927
927
928
928
928
929
929
929
930
930
931
931
931
932
932
933
933
934
934
935
935
935
935
936
936
936
937
937
937
938
938
938
939
939
939
940
940
940
941
941
942
942
942
943
943
944
944
944
945
945
945
945
946
946
947
947
948
948
949
949
950
951
952
952
952
953
954
954
954
954
955
955
955
956
956
956
957
958
958
958
959
960
960
960
961
961
962
962
963
963
963
963
964
964
965
966
966
967
967
967
967
968
968
968
969
969
969
970
970
971
971
972
972
973
974
974
974
974
975
975
975
976
976
976
976
977
977
977
978
978
978
979
979
979
980
980
981
981
981
982
982
982
983
984
984
984
985
985
985
986
986
987
988
988
988
988
989
989
990
990
990
991
991
991
992
992
992
992
993
993
994
994
994
995
995
996
996
997
997
998
998
998
999
999
999
1000
1000
1001
1001
1001
1002
1002
1002
1003
1003
1004
1004
1005
1005
1005
1006
1006
1007
1007
1008
1008
1009
1009
1010
1010
1012
1012
1012
1012
1013
1013
1013
1014
1014
1014
1015
1015
1015
1016
1016
1016
1017
1017
1018
1018
1018
1019
1019
1020
1020
1021
1021
1022
1023
1023
1024
1025
1025
1025
1025
1026
1026
1027
1027
1027
1027
1028
1028
1029
1029
1029
1030
1030
1030
1031
1031
1032
1032
1032
1032
1033
1033
1034
1034
1035
1035
1035
1036
1037
1037
1037
1038
1038
1039
1039
1039
1040
1040
1042
1042
1042
1043
1044
1044
1045
1046
1046
1046
1046
1047
1047
1048
1048
1048
1049
1049
1050
1050
1050
1050
1051
1051
1052
1052
1052
1053
1054
1054
1055
1055
1055
1056
1057
1057
1057
1058
1058
1058
1058
1059
1059
1059
1060
1060
1061
1061
1061
1062
1062
1063
1064
1064
1064
1064
1065
1065
1065
1066
1066
1066
1066
1067
1067
1067
1068
1068
1068
1069
1069
1069
1070
1070
1070
1071
1071
1071
1071
1072
1073
1073
1074
1074
1074
1075
1075
1076
1076
1076
1076
1077
1077
1078
1078
1079
1080
1080
1081
1081
1082
1082
1083
1083
1083
1084
1085
1085
1085
1085
1086
1086
1087
1087
1087
1088
1089
1089
1089
1089
1090
1090
1091
1091
1091
1092
1092
1093
1093
1093
1094
1094
1095
1095
1095
1096
1097
1097
1097
1099
1100
1100
1101
1101
1102
1102
1103
1104
1104
1105
1105
1106
1107
1107
1107
1107
1108
1108
1108
1108
1109
1109
1109
1110
1110
1110
1110
1111
1111
1112
1112
1112
1112
1113
1113
1114
1114
1114
1115
1115
1115
1116
1116
1117
1117
1118
1118
1118
1119
1119
1120
1120
1120
1121
1121
1121
1122
1122
1123
1123
1123
1124
1124
1124
1125
1125
1125
1126
1126
1126
1127
1127
1127
1128
1128
1128
1128
1129
1129
1130
1130
1130
1131
1131
1132
1132
1133
1133
1134
1135
1135
1136
1137
1137
1137
1137
1138
1138
1138
1139
1139
1139
1139
1140
1140
1140
1141
1141
1142
1142
1142
1143
1143
1144
1144
1144
1144
1145
1145
1146
1146
1146
1146
1147
1147
1148
1148
1149
1149
1149
1149
1150
1150
1150
1151
1151
1151
1152
1152
1153
1153
1153
1154
1154
1154
1155
1155
1155
1156
1156
1156
1157
1157
1158
1158
1158
1158
1159
1159
1160
1160
1160
1161
1162
1162
1163
1163
1163
1164
1165
1165
1165
1166
1166
1166
1167
1167
1168
1170
1170
1170
1170
1171
1171
1171
1172
1172
1172
1172
1173
1174
1174
1174
1175
1175
1176
1176
1176
1177
1177
1178
1178
1178
1179
1179
1180
1180
1180
1181
1181
1182
1182
1183
1183
1183
1184
1184
1184
1185
1185
1186
1186
1186
1187
1188
1188
1189
1189
1190
1190
1191
1192
1192
1192
1192
1193
1193
1194
1194
1194
1195
1196
1196
1196
1197
1197
1197
1198
1198
1198
1198
1199
1199
1200
1200
1200
1201
1201
1202
1202
1202
1202
1203
1204
1204
1204
1204
1205
1205
1206
1207
1207
1207
1208
1208
1209
1209
1210
1211
1213
1213
1214
1215
1216
1216
1216
1216
1217
1217
1218
1218
1218
1218
1219
1219
1220
1220
1220
1220
1221
1221
1221
1222
1222
1222
1223
1223
1223
1224
1224
1224
1224
1225
1225
1225
1226
1226
1226
1227
1228
1228
1229
1229
1230
1230
1230
1231
1232
1232
1232
1233
1233
1233
1234
1234
1234
1235
1236
1236
1236
1237
1237
1237
1238
1238
1238
1239
1239
1240
1240
1241
1242
1242
1243
1243
1243
1243
1244
1244
1244
1244
1245
1245
1245
1246
1246
1246
1247
1247
1248
1248
1249
1249
1249
1250
1250
1251
1251
1252
1252
1253
1253
1253
1254
1254
1254
1255
1255
1255
1255
1256
1256
1256
1257
1257
1257
1257
1258
1258
1258
1259
1259
1259
1259
1260
1260
1261
1261
1261
1262
1262
1263
1263
1263
1264
1264
1265
1265
1265
1265
1266
1266
1267
1267
1267
1268
1268
1269
1270
1270
1271
1272
1273
1273
1273
1273
1274
1274
1274
1275
1275
1275
1275
1276
1276
1277
1277
1277
1278
1278
1278
1279
1279
1280
1280
1280
1280
1281
1281
1282
1283
1283
1283
1284
1284
1285
1286
1286
1286
1288
1288
1288
1288
1289
1289
1289
1290
1290
1290
1290
1291
1291
1291
1292
1292
1292
1292
1293
1293
1293
1294
1294
1294
1295
1295
1295
1296
1296
1297
1297
1297
1298
1298
1298
1299
1300
1300
1301
1301
1301
1302
1302
1302
1303
1303
1304
1304
1305
1305
1305
1306
1306
1307
1307
1308
1308
1309
1310
1310
1311
1312
1312
1312
1312
1313
1313
1313
1314
1314
1314
1314
1315
1315
1315
1316
1316
1316
1317
1317
1318
1318
1318
1318
1319
1319
1319
1320
1320
1321
1321
1322
1323
1323
1323
1323
1324
1324
1324
1324
1325
1325
1325
1326
1326
1327
1327
1327
1328
1328
1328
1329
1329
1329
1330
1330
1331
1331
1331
1332
1332
1333
1333
1333
1333
1334
1334
1335
1335
1336
1336
1337
1337
1337
1338
1338
1339
1339
1339
1340
1340
1341
1341
1342
1342
1343
1343
1343
1343
1344
1344
1344
1345
1345
1345
1346
1346
1346
1347
1347
1347
1347
1348
1348
1348
1348
1349
1349
1350
1350
1351
1352
1353
1353
1353
1354
1354
1354
1354
1355
1355
1355
1356
1356
1356
1356
1357
1357
1358
1358
1358
1359
1359
1359
1359
1360
1360
1360
1361
1362
1362
1362
1363
1364
1364
1364
1365
1365
1367
1367
1367
1367
1368
1368
1368
1369
1369
1369
1369
1370
1370
1371
1371
1371
1372
1372
1373
1373
1373
1373
1374
1374
1375
1375
1375
1376
1376
1377
1377
1378
1378
1378
1378
1379
1380
1381
1381
1381
1381
1382
1382
1383
1383
1383
1383
1384
1384
1384
1384
1385
1385
1386
1386
1387
1387
1387
1387
1388
1388
1389
1389
1389
1390
1390
1390
1391
1391
1391
1392
1394
1394
1394
1395
1396
1396
1396
1397
1397
1397
1398
1398
1398
1399
1399
1399
1400
1401
1401
1402
1403
1404
1404
1406
1406
1406
1406
1407
1407
1407
1407
1408
1409
1409
1409
1409
1410
1410
1411
1411
1411
1411
1412
1412
1413
1413
1413
1414
1414
1415
1415
1415
1416
1416
1417
1417
1417
1418
1419
1420
1420
1420
1420
1421
1421
1421
1422
1422
1423
1423
1424
1424
1424
1425
1426
1426
1426
1426
1427
1427
1428
1428
1429
1429
1429
1430
1430
1432
1432
1432
1432
1433
1433
1433
1434
1434
1434
1435
1436
1436
1436
1437
1437
1438
1438
1438
1439
1439
1440
1441
1441
1441
1442
1442
1442
1443
1444
1444
1444
1445
1445
1445
1446
1446
1447
1447
1447
1448
1448
1449
1449
1450
1450
1450
1451
1451
1451
1452
1453
1453
1453
1454
1455
1456
1456
1457
1457
1457
1457
1458
1458
1458
1458
1459
1459
1459
1459
1460
1460
1460
1461
1461
1461
1461
1462
1462
1463
1463
1464
1464
1465
1465
1465
1466
1466
1467
1467
1468
1468
1468
1469
1469
1469
1470
1470
1470
1471
1471
1471
1472
1472
1473
1473
1473
1473
1474
1474
1475
1475
1476
1476
1477
1477
1478
1479
1479
1480
1480
1481
1482
1482
1482
1483
1483
1483
1484
1484
1484
1484
1485
1485
1485
1485
1486
1486
1487
1487
1488
1489
1489
1490
1490
1491
1492
1492
1494
1494
1494
1494
1495
1495
1495
1496
1496
1496
1497
1497
1498
1498
1498
1499
1499
1499
1500
1500
1501
1501
1501
1502
1502
1503
1503
1503
1504
1504
1504
1505
1506
1506
1506
1507
1507
1507
1508
1508
1508
1508
1509
1509
1510
1510
1510
1510
1511
1511
1512
1512
1512
1513
1513
1513
1514
1514
1515
1515
1515
1516
1516
1516
1517
1517
1518
1519
1519
1519
1520
1520
1521
1522
1522
1523
1523
1523
1524
1525
1525
1525
1526
1527
1527
1528
1528
1528
1529
1529
1529
1530
1530
1530
1531
1531
1531
1532
1532
1532
1533
1533
1534
1534
1534
1534
1535
1535
1536
1536
1537
1537
1537
1538
1538
1538
1538
1539
1539
1540
1540
1541
1541
1541
1542
1542
1543
1543
1544
1544
1545
1545
1546
1546
1546
1546
1547
1547
1547
1547
1548
1548
1548
1549
1549
1549
1549
1550
1550
1550
1551
1551
1552
1552
1552
1553
1553
1554
1554
1554
1554
1555
1555
1556
1556
1557
1557
1557
1558
1558
1558
1559
1560
1560
1561
1561
1561
1562
1562
1562
1563
1563
1563
1563
1564
1564
1565
1565
1566
1566
1566
1566
1567
1567
1568
1568
1569
1569
1570
1570
1571
1571
1572
1572
1573
1573
1574
1574
1575
1575
1576
1576
1577
1577
1577
1578
1578
1579
1579
1579
1580
1580
1581
1581
1582
1582
1583
1583
1583
1583
1584
1584
1584
1585
1585
1585
1585
1586
1586
1587
1587
1587
1589
1589
1590
1590
1590
1591
1591
1592
1592
1593
1593
1593
1594
1594
1594
1595
1595
1596
1596
1597
1597
1598
1598
1599
1599
1600
1601
1601
1601
1601
1602
1602
1603
1603
1603
1604
1604
1605
1605
1605
1605
1606
1606
1606
1607
1607
1608
1608
1608
1609
1609
1610
1610
1610
1611
1611
1612
1612
1613
1613
1614
1614
1614
1615
1616
1616
1618
1618
1618
1618
1619
1619
1620
1620
1620
1620
1621
1622
1622
1623
1623
1624
1624
1624
1624
1625
1625
1625
1626
1626
1626
1627
1627
1628
1628
1629
1630
1630
1630
1630
1631
1631
1631
1632
1632
1632
1633
1634
1634
1635
1635
1636
1637
1637
1637
1637
1638
1638
1638
1639
1640
1640
1640
1642
1642
1643
1643
1643
1643
1644
1644
1644
1645
1645
1645
1645
1646
1646
1647
1647
1647
1648
1648
1648
1649
1649
1650
1650
1650
1651
1651
1652
1652
1652
1653
1653
1653
1653
1654
1655
1655
1656
1657
1657
1657
1657
1658
1658
1659
1659
1659
1660
1660
1660
1661
1661
1661
1662
1663
1663
1663
1664
1665
1665
1665
1666
1667
1667
1667
1667
1668
1668
1669
1669
1670
1670
1671
1671
1672
1672
1672
1673
1674
1674
1674
1675
1675
1676
1677
1677
1678
1678
1678
1678
1679
1679
1679
1680
1680
1680
1680
1681
1681
1682
1682
1683
1683
1683
1684
1684
1684
1685
1686
1686
1688
1688
1688
1689
1689
1689
1690
1690
1691
1691
1691
1692
1693
1693
1693
1694
1694
1694
1695
1695
1696
1696
1696
1696
1697
1697
1697
1698
1698
1698
1699
1700
1700
1700
1701
1702
1702
1703
1703
1704
1706
1706
1706
1707
1707
1707
1708
1708
1708
1709
1709
1709
1710
1711
1711
1712
1713
1713
1713
1714
1714
1714
1715
1715
1716
1716
1717
1717
1718
1719
1720
1721
1721
1722
1724
1724
1724
1724
1725
1725
1725
1726
1726
1726
1727
1727
1727
1728
1728
1728
1728
1729
1729
1729
1730
1730
1730
1731
1731
1731
1732
1732
1732
1732
1733
1733
1734
1734
1734
1735
1735
1736
1736
1737
1738
1738
1738
1739
1739
1740
1740
1740
1741
1742
1743
1743
1743
1744
1744
1744
1745
1745
1745
1746
1746
1746
1747
1747
1748
1748
1748
1749
1749
1750
1750
1750
1751
1751
1751
1752
1753
1753
1754
1754
1754
1755
1756
1756
1756
1758
1758
1758
1758
1759
1759
1759
1760
1760
1760
1761
1761
1761
1761
1763
1763
1764
1764
1765
1765
1766
1767
1768
1769
1769
1769
1769
1770
1770
1771
1771
1771
1772
1772
1772
1773
1773
1774
1774
1774
1775
1775
1776
1776
1777
1777
1777
1778
1779
1779
1779
1780
1781
1781
1782
1783
1783
1784
1784
1785
1785
1785
1786
1786
1786
1786
1787
1787
1788
1788
1788
1788
1790
1790
1790
1790
1791
1791
1791
1791
1792
1792
1793
1793
1793
1795
1795
1796
1796
1796
1796
1797
1798
1798
1798
1799
1799
1800
1800
1800
1800
1801
1801
1802
1802
1802
1803
1803
1804
1804
1805
1805
1805
1806
1806
1807
1808
1808
1808
1808
1809
1809
1810
1810
1811
1811
1812
1812
1813
1813
1814
1814
1814
1815
1815
1816
1816
1817
1818
1819
1819
1819
1820
1821
1821
1822
1822
1822
1823
1824
1824
1824
1825
1825
1826
1827
1827
1829
1829
1829
1829
1830
1830
1830
1830
1831
1831
1831
1832
1832
1832
1833
1833
1834
1834
1834
1835
1835
1836
1836
1836
1837
1837
1837
1838
1838
1838
1839
1839
1839
1840
1840
1841
1841
1841
1841
1842
1842
1843
1845
1845
1845
1846
1846
1847
1847
1847
1847
1848
1849
1849
1849
1850
1850
1851
1852
1853
1853
1854
1854
1855
1855
1855
1856
1856
1857
1857
1858
1859
1860
1860
1860
1861
1861
1862
1862
1862
1863
1864
1864
1865
1865
1865
1866
1866
1867
1867
1867
1868
1869
1869
1869
1870
1870
1871
1871
1871
1872
1875
1875
1875
1876
1876
1877
1877
1877
1878
1878
1878
1879
1879
1880
1880
1881
1881
1882
1883
1883
1883
1883
1884
1884
1885
1885
1885
1885
1886
1886
1886
1887
1887
1887
1888
1889
1890
1890
1890
1891
1892
1892
1893
1893
1894
1894
1894
1894
1895
1895
1895
1896
1896
1897
1897
1897
1898
1898
1899
1899
1899
1900
1901
1901
1901
1902
1902
1902
1903
1904
1904
1905
1905
1905
1907
1907
1907
1907
1908
1908
1908
1909
1909
1910
1910
1911
1911
1911
1911
1912
1912
1912
1913
1913
1913
1914
1914
1915
1915
1916
1916
1916
1917
1917
1917
1917
1918
1918
1919
1919
1919
1919
1920
1920
1920
1921
1921
1922
1923
1923
1925
1925
1926
1926
1926
1926
1927
1927
1928
1928
1928
1929
1929
1930
1930
1930
1931
1932
1932
1932
1934
1934
1934
1935
1935
1936
1936
1936
1937
1937
1938
1938
1938
1938
1939
1939
1940
1940
1940
1940
1941
1941
1942
1942
1942
1943
1943
1944
1944
1944
1944
1945
1945
1946
1947
1948
1948
1948
1949
1950
1950
1951
1952
1953
1954
1954
1955
1955
1956
1956
1956
1956
1957
1957
1957
1958
1958
1959
1959
1960
1960
1960
1961
1962
1962
1963
1963
1963
1964
1965
1965
1966
1967
1967
1968
1968
1969
1969
1970
1971
1971
1972
1972
1973
1973
1974
1974
1976
1976
1976
1977
1977
1978
1978
1979
1979
1979
1979
1980
1980
1981
1981
1982
1982
1982
1983
1984
1984
1985
1985
1986
1986
1987
1988
1989
1989
1989
1989
1990
1990
1991
1991
1991
1992
1992
1993
1993
1993
1993
1994
1994
1995
1995
1995
1995
1996
1996
1996
1997
1997
1998
1998
1999
1999
1999
2000
2000
2001
2001
2002
2002
2003
2003
2004
2004
2005
2005
2005
2006
2006
2007
2008
2008
2010
2010
2010
2010
2011
2011
2011
2011
2012
2012
2013
2013
2013
2014
2014
2015
2015
2016
2016
2017
2017
2018
2018
2018
2018
2019
2019
2019
2020
2020
2020
2020
2021
2021
2021
2022
2022
2023
2024
2025
2025
2026
2026
2027
2027
2027
2028
2029
2029
2029
2030
2030
2030
2031
2031
2031
2032
2032
2032
2033
2033
2034
2034
2035
2035
2035
2036
2036
2037
2037
2037
2038
2038
2038
2039
2039
2039
2040
2040
2041
2041
2042
2042
2043
2043
2043
2044
2044
2044
2045
2045
2046
2047
2048
2048
2049
2049
2049
2050
2050
2051
2051
2052
2052
2053
2053
2053
2054
2054
2055
2055
2055
2056
2056
2056
2057
2057
2057
2058
2058
2058
2059
2059
2059
2060
2060
2061
2061
2061
2066
2066
2066
2067
2068
2068
2069
2070
2070
2071
2072
2072
2073
2074
2074
2074
2077
2078
2079
2079
2080
2081
2082
2082
2083
2083
2084
2084
2085
2085
2086
2087
2087
2087
2089
2089
2093
2093
2094
2094
2095
2096
2098
2098
2099
2099
2100
2101
2101
2101
2102
2103
2103
2103
2104
2104
2105
2105
2105
2106
2106
2109
2110
2110
2111
2112
2113
2113
2114
2115
2116
2116
2116
2117
2118
2120
2121
2121
2122
2122
2122
2123
2123
2124
2124
2125
2126
2127
2128
2130
2130
2130
2131
2132
2132
2133
2133
2134
2134
2134
2135
2135
2136
2136
2137
2140
2140
2141
2141
2141
2145
2145
2146
2146
2146
2147
2147
2149
2149
2150
2150
2151
2151
2152
2153
2154
2155
2156
2157
2158
2158
2158
2159
2159
2160
2161
2161
2162
2162
2162
2163
2163
2163
2164
2165
2165
2165
2166
2166
2166
2167
2167
2169
2170
2171
2171
2171
2172
2172
2172
2173
2173
2173
2174
2175
2175
2175
2177
2178
2178
2178
2179
2179
2179
2180
2183
2184
2184
2184
2185
2185
2186
2186
2186
2187
2188
2188
2189
2191
2192
2192
2192
2193
2194
2195
2195
2197
2198
2198
2198
2199
2200
2201
2202
2203
2204
2204
2204
2205
2205
2205
2206
2206
2206
2207
2208
2209
2209
2210
2211
2212
2212
2215
2217
2217
2218
2218
2222
2223
2223
2224
2224
2224
2225
2226
2226
2227
2227
2228
2229
2230
2230
2231
2231
2232
2232
2233
2234
2234
2235
2235
2236
2237
2237
2237
2238
2239
2239
2240
2240
2241
2241
2242
2242
2243
2243
2243
2244
2244
2245
2245
2246
2246
2246
2246
2247
2247
2247
2248
2249
2249
2250
2251
2251
2251
2252
2252
2253
2254
2254
2255
2256
2256
2256
2257
2257
2258
2258
2258
2259
2260
2260
2261
2261
2262
2262
2262
2263
2263
2264
2264
2265
2265
2265
2266
2267
2267
2268
2268
2269
2269
2269
2270
2270
2271
2272
2272
2272
2273
2274
2275
2275
2276
2276
2277
2277
2278
2279
2279
2279
2280
2280
2281
2282
2282
2283
2283
2284
2284
2285
2286
2286
2287
2288
2288
2288
2289
2289
2289
2290
2290
2291
2291
2292
2293
2293
2294
2295
2295
2296
2296
2297
2297
2298
2298
2299
2299
2299
2300
2300
2301
2301
2302
2302
2302
2303
2303
2304
2305
2305
2305
2306
2307
2307
2308
2308
2309
2310
2310
2310
2311
2311
2312
2312
2313
2313
2314
2314
2314
2315
2315
2316
2317
2318
2318
2319
2320
2320
2320
2321
2321
2322
2322
2323
2323
2323
2324
2324
2325
2325
2325
2326
2326
2327
2327
2328
2328
2329
2329
2329
2330
2330
2331
2331
2332
2332
2333
2333
2334
2334
2335
2335
2336
2336
2337
2338
2339
2339
2340
2340
2342
2342
2342
2343
2343
2343
2344
2344
2344
2345
2345
2346
2347
2347
2347
2348
2348
2349
2349
2350
2350
2350
2351
2352
2352
2353
2354
2354
2354
2355
2356
2356
2356
2357
2357
2358
2358
2359
2359
2360
2360
2361
2361
2361
2361
2362
2362
2363
2363
2364
2365
2365
2366
2366
2367
2367
2367
2368
2368
2369
2369
2370
2370
2371
2371
2372
2372
2372
2373
2373
2374
2374
2375
2375
2376
2376
2377
2377
2378
2378
2378
2379
2380
2380
2381
2382
2382
2383
2383
2383
2384
2384
2385
2385
2386
2386
2387
2387
2388
2388
2389
2389
2389
2390
2391
2391
2392
2392
2393
2393
2394
2394
2395
2395
2396
2397
2397
2398
2398
2399
2399
2400
2400
2400
2401
2402
2402
2403
2403
2403
2404
2405
2406
2406
2406
2407
2407
2408
2408
2410
2410
2410
2411
2411
2412
2412
2413
2413
2414
2414
2414
2415
2415
2416
2416
2416
2417
2417
2418
2418
2419
2419
2420
2421
2422
2422
2423
2424
2424
2425
2425
2425
2427
2427
2428
2429
2429
2430
2430
2431
2432
2432
2433
2433
2434
2434
2434
2435
2435
2435
2436
2436
2437
2437
2437
2438
2438
2439
2439
2440
2440
2441
2441
2442
2442
2443
2443
2444
2444
2444
2444
2445
2446
2447
2448
2449
2450
2450
2451
2452
2453
2453
2454
2454
2455
2455
2455
2456
2457
2458
2458
2459
2459
2459
2460
2460
2461
2461
2462
2462
2463
2463
2464
2465
2465
2466
2466
2467
2468
2468
2469
2470
2470
2470
2471
2472
2472
2473
2473
2474
2474
2475
2476
2477
2477
2478
2478
2479
2479
2479
2480
2480
2480
2481
2483
2483
2483
2484
2484
2485
2485
2486
2486
2487
2487
2487
2488
2488
2489
2490
2491
2492
2492
2493
2493
2494
2494
2494
2495
2495
2496
2496
2497
2497
2498
2499
2499
2500
2500
2501
2501
2502
2503
2503
2504
2504
2504
2505
2505
2506
2507
2508
2509
2509
2511
2511
2512
2512
2513
2514
2514
2514
2515
2515
2516
2516
2517
2518
2518
2518
2519
2520
2521
2522
2522
2522
2524
2524
2525
2526
2526
2527
2527
2528
2528
2529
2529
2530
2530
2531
2531
2533
2533
2533
2534
2534
2535
2535
2536
2536
2537
2537
2537
2538
2538
2539
2540
2540
2540
2541
2541
2542
2542
2543
2543
2544
2544
2545
2546
2546
2547
2547
2548
2548
2549
2550
2551
2552
2552
2553
2553
2553
2554
2554
2554
2555
2555
2556
2557
2557
2558
2558
2559
2560
2560
2561
2562
2562
2563
2564
2564
2565
2565
2565
2566
2566
2566
2567
2567
2568
2568
2569
2569
2570
2570
2571
2571
2571
2571
2572
2572
2573
2573
2574
2574
2575
2576
2576
2576
2577
2577
2578
2578
2580
2580
2581
2581
2581
2582
2582
2583
2583
2584
2584
2585
2585
2586
2586
2587
2587
2587
2588
2588
2589
2589
2590
2590
2591
2591
2591
2592
2592
2593
2593
2593
2594
2594
2595
2595
2596
2596
2596
2597
2598
2599
2599
2600
2601
2602
2602
2603
2603
2603
2604
2605
2605
2606
2606
2607
2607
2608
2608
2609
2609
2610
2610
2610
2611
2611
2612
2612
2613
2613
2613
2614
2614
2615
2615
2615
2616
2617
2617
2617
2618
2619
2619
2620
2621
2621
2622
2623
2623
2624
2624
2625
2626
2627
2627
2628
2628
2629
2629
2630
2630
2631
2631
2631
2632
2632
2633
2634
2634
2634
2635
2635
2635
2636
2636
2637
2637
2638
2639
2641
2641
2642
2642
2642
2643
2643
2644
2644
2645
2645
2645
2646
2646
2648
2649
2649
2650
2651
2651
2651
2652
2653
2653
2654
2654
2655
2655
2656
2656
2657
2657
2658
2658
2658
2659
2659
2660
2660
2660
2660
2661
2662
2662
2663
2664
2664
2664
2665
2665
2665
2665
2666
2666
2667
2668
2668
2668
2670
2670
2671
2671
2673
2673
2674
2675
2675
2676
2677
2677
2677
2678
2678
2678
2679
2679
2681
2681
2682
2683
2683
2684
2684
2685
2685
2686
2687
2688
2689
2689
2689
2690
2691
2692
2692
2693
2693
2693
2694
2695
2695
2696
2697
2698
2698
2698
2699
2699
2700
2700
2701
2702
2702
2703
2703
2704
2704
2704
2704
2705
2705
2706
2707
2708
2708
2709
2710
2710
2711
2711
2712
2712
2712
2713
2713
2714
2714
2715
2715
2716
2716
2716
2717
2718
2718
2719
2719
2720
2721
2721
2721
2722
2722
2723
2723
2724
2724
2725
2725
2726
2726
2727
2728
2729
2730
2730
2730
2731
2731
2731
2732
2732
2733
2733
2733
2733
2734
2735
2735
2736
2737
2737
2738
2738
2739
2739
2740
2740
2740
2743
2743
2744
2744
2745
2746
2746
2747
2747
2747
2748
2748
2749
2749
2750
2751
2752
2752
2752
2753
2753
2753
2754
2755
2755
2756
2757
2757
2757
2758
2758
2758
2759
2759
2760
2760
2761
2763
2763
2764
2764
2765
2765
2766
2767
2767
2768
2769
2770
2770
2770
2771
2771
2772
2772
2772
2773
2774
2774
2775
2776
2776
2776
2777
2777
2778
2779
2779
2780
2781
2781
2781
2782
2782
2783
2783
2783
2784
2784
2784
2785
2786
2786
2787
2787
2788
2789
2789
2789
2790
2790
2791
2791
2791
2792
2792
2793
2793
2794
2794
2795
2795
2796
2797
2797
2798
2798
2798
2799
2799
2800
2800
2800
2800
2801
2801
2801
2802
2802
2803
2803
2803
2804
2804
2805
2805
2806
2806
2807
2807
2808
2808
2809
2809
2810
2810
2811
2811
2811
2812
2812
2812
2813
2813
2813
2814
2814
2815
2816
2816
2816
2817
2818
2820
2820
2821
2821
2822
2822
2823
2823
2824
2824
2825
2825
2826
2826
2827
2827
2827
2828
2828
2829
2829
2830
2830
2831
2832
2832
2833
2833
2833
2834
2834
2834
2835
2835
2836
2836
2837
2837
2838
2838
2839
2840
2841
2841
2842
2843
2843
2844
2844
2846
2846
2846
2847
2847
2848
2848
2849
2849
2850
2850
2851
2851
2851
2852
2852
2853
2854
2855
2855
2856
2857
2857
2857
2858
2858
2858
2859
2859
2860
2860
2861
2861
2862
2863
2864
2864
2865
2866
2866
2867
2867
2868
2868
2869
2870
2870
2871
2871
2871
2872
2872
2873
2873
2874
2874
2875
2875
2876
2876
2877
2878
2878
2879
2879
2879
2880
2881
2881
2882
2882
2883
2883
2884
2885
2885
2886
2889
2889
2889
2890
2890
2891
2891
2891
2892
2892
2892
2893
2893
2893
2894
2894
2895
2895
2895
2896
2897
2898
2898
2898
2899
2899
2900
2900
2901
2902
2903
2904
2904
2905
2906
2908
2908
2909
2910
2910
2911
2912
2913
2913
2914
2915
2915
2915
2916
2916
2917
2917
2918
2918
2918
2919
2919
2920
2920
2921
2922
2923
2924
2924
2925
2925
2925
2926
2927
2927
2928
2929
2929
2930
2930
2931
2932
2932
2933
2933
2934
2934
2934
2935
2935
2936
2936
2937
2937
2938
2938
2939
2939
2939
2940
2941
2941
2942
2942
2943
2943
2944
2944
2945
2945
2945
2946
2947
2948
2949
2950
2950
2950
2951
2951
2952
2952
2953
2953
2954
2955
2955
2955
2956
2956
2957
2958
2959
2959
2960
2960
2961
2962
2963
2964
2964
2965
2966
2966
2967
2967
2968
2969
2969
2970
2970
2972
2972
2974
2974
2974
2975
2975
2976
2977
2977
2978
2978
2979
2979
2979
2980
2981
2981
2981
2982
2983
2983
2983
2984
2984
2985
2985
2986
2987
2987
2988
2988
2988
2989
2989
2990
2990
2991
2991
2992
2992
2993
2993
2994
2995
2995
2995
2996
2997
2997
2999
3000
3001
3001
3001
3002
3002
3002
3003
3003
3003
3004
3004
3004
3005
3006
3006
3007
3007
3008
3009
3009
3010
3010
3011
3012
3012
3013
3014
3014
3015
3016
3016
3017
3017
3018
3018
3019
3019
3020
3021
3021
3023
3023
3024
3024
3025
3025
3025
3026
3027
3027
3028
3028
3028
3029
3029
3030
3030
3030
3031
3031
3031
3032
3032
3033
3033
3034
3034
3035
3035
3036
3038
3038
3039
3039
3040
3041
3042
3042
3044
3044
3044
3045
3045
3046
3047
3048
3048
3048
3049
3049
3050
3050
3051
3051
3051
3052
3052
3053
3053
3054
3054
3055
3055
3056
3056
3057
3058
3058
3058
3059
3060
3060
3061
3062
3062
3063
3065
3066
3066
3067
3067
3067
3069
3069
3070
3070
3071
3071
3072
3073
3073
3073
3074
3074
3075
3075
3076
3076
3077
3077
3078
3078
3078
3079
3079
3080
3080
3081
3082
3082
3083
3084
3084
3085
3085
3086
3088
3088
3088
3089
3089
3089
3090
3090
3090
3091
3091
3091
3092
3092
3093
3093
3094
3094
3095
3096
3096
3098
3098
3100
3100
3101
3101
3101
3102
3102
3103
3104
3105
3105
3105
3106
3106
3107
3107
3107
3108
3109
3111
3111
3112
3112
3113
3113
3114
3114
3114
3115
3115
3116
3116
3117
3117
3117
3118
3118
3119
3121
3121
3121
3122
3123
3124
3125
3125
3126
3126
3127
3128
3130
3130
3130
3131
3131
3132
3132
3133
3133
3134
3134
3135
3136
3136
3137
3137
3137
3138
3138
3139
3140
3140
3141
3142
3142
3142
3143
3143
3144
3144
3145
3146
3148
3148
3148
3149
3149
3150
3150
3151
3152
3152
3153
3154
3154
3154
3155
3155
3155
3156
3156
3157
3157
3158
3159
3159
3160
3160
3161
3161
3162
3162
3163
3163
3164
3165
3166
3166
3167
3167
3167
3168
3168
3169
3169
3170
3170
3171
3171
3172
3173
3173
3174
3174
3174
3175
3175
3176
3177
3177
3177
3178
3178
3178
3179
3180
3180
3180
3181
3181
3182
3183
3183
3184
3184
3185
3186
3186
3187
3187
3188
3188
3189
3190
3191
3191
3191
3192
3193
3195
3195
3196
3196
3197
3197
3198
3199
3199
3199
3199
3200
3201
3201
3202
3203
3204
3205
3205
3206
3207
3207
3208
3208
3209
3211
3211
3212
3212
3213
3213
3214
3214
3215
3216
3216
3217
3218
3218
3219
3220
3220
3220
3221
3221
3222
3222
3223
3223
3224
3224
3224
3225
3226
3226
3227
3228
3228
3229
3229
3230
3230
3231
3232
3232
3232
3233
3233
3234
3234
3235
3236
3237
3237
3238
3239
3239
3240
3240
3240
3241
3242
3242
3242
3243
3244
3244
3245
3246
3246
3246
3247
3247
3247
3248
3248
3249
3249
3250
3250
3252
3252
3253
3253
3254
3254
3255
3255
3255
3257
3257
3259
3261
3261
3262
3263
3263
3263
3264
3264
3264
3265
3265
3266
3266
3267
3267
3268
3268
3268
3269
3270
3270
3271
3271
3272
3272
3273
3273
3275
3275
3277
3278
3278
3279
3280
3280
3281
3282
3282
3282
3282
3283
3283
3284
3285
3285
3286
3286
3287
3287
3288
3288
3289
3289
3290
3290
3291
3293
3293
3294
3295
3296
3296
3296
3297
3297
3298
3298
3299
3300
3300
3301
3301
3302
3303
3303
3304
3304
3305
3306
3306
3307
3307
3308
3309
3309
3310
3310
3312
3312
3313
3314
3314
3314
3315
3315
3315
3316
3316
3317
3317
3318
3319
3320
3320
3321
3322
3322
3323
3323
3323
3324
3324
3325
3325
3325
3326
3326
3327
3328
3328
3329
3329
3330
3330
3330
3331
3331
3332
3332
3332
3333
3333
3334
3334
3334
3334
3335
3335
3336
3337
3337
3337
3337
3338
3338
3339
3340
3340
3340
3341
3341
3342
3342
3342
3343
3344
3344
3345
3345
3345
3346
3348
3348
3349
3350
3350
3351
3351
3352
3353
3354
3354
3355
3355
3356
3356
3356
3357
3358
3359
3359
3359
3360
3361
3361
3362
3363
3363
3363
3364
3365
3366
3366
3367
3367
3368
3369
3370
3370
3371
3371
3372
3373
3373
3374
3374
3375
3376
3376
3376
3377
3377
3377
3378
3378
3379
3379
3380
3380
3380
3381
3382
3383
3383
3385
3385
3385
3386
3387
3387
3387
3388
3389
3389
3390
3390
3390
3391
3391
3392
3392
3393
3393
3394
3395
3396
3397
3397
3398
3398
3400
3400
3402
3403
3404
3406
3406
3406
3407
3408
3409
3410
3410
3411
3412
3412
3413
3413
3413
3414
3415
3415
3415
3416
3416
3417
3417
3418
3419
3419
3420
3420
3420
3421
3421
3421
3422
3422
3423
3424
3425
3425
3426
3426
3427
3427
3427
3427
3428
3429
3430
3431
3431
3431
3431
3432
3432
3432
3433
3434
3434
3435
3435
3435
3436
3436
3437
3437
3438
3439
3440
3440
3440
3441
3441
3442
3443
3443
3444
3445
3445
3445
3446
3447
3447
3448
3448
3449
3449
3450
3450
3451
3452
3452
3453
3454
3455
3455
3456
3456
3457
3457
3457
3458
3460
3460
3461
3461
3461
3462
3462
3462
3463
3463
3464
3464
3464
3464
3465
3465
3466
3468
3468
3469
3469
3470
3471
3471
3471
3472
3472
3473
3474
3474
3475
3476
3476
3476
3477
3477
3478
3478
3479
3479
3480
3480
3481
3481
3482
3482
3482
3483
3483
3483
3484
3484
3485
3485
3486
3486
3486
3486
3487
3487
3488
3488
3488
3489
3489
3490
3490
3491
3491
3492
3493
3493
3493
3494
3495
3495
3496
3496
3497
3497
3498
3499
3499
3499
3500
3500
3501
3501
3502
3502
3503
3504
3505
3505
3505
3506
3506
3507
3507
3508
3508
3509
3510
3510
3511
3511
3512
3513
3513
3513
3514
3514
3515
3515
3515
3516
3516
3516
3517
3517
3518
3520
3520
3521
3521
3522
3522
3522
3523
3523
3523
3524
3524
3525
3525
3525
3526
3526
3527
3527
3528
3528
3529
3529
3530
3530
3531
3532
3532
3533
3534
3536
3536
3536
3537
3537
3538
3538
3539
3539
3540
3540
3541
3542
3542
3543
3544
3545
3546
3547
3548
3548
3548
3550
3550
3551
3551
3552
3552
3554
3554
3555
3556
3556
3557
3557
3558
3559
3560
3561
3561
3561
3562
3562
3563
3563
3564
3564
3565
3565
3565
3566
3567
3567
3567
3568
3568
3568
3568
3569
3571
3571
3572
3573
3575
3575
3575
3576
3576
3576
3577
3577
3577
3578
3578
3579
3579
3580
3580
3581
3582
3582
3583
3584
3584
3585
3585
3586
3587
3588
3588
3589
3590
3590
3592
3592
3593
3594
3595
3595
3596
3596
3597
3597
3597
3598
3598
3600
3600
3600
3601
3601
3602
3602
3603
3603
3604
3604
3604
3604
3605
3605
3607
3608
3608
3608
3609
3610
3610
3610
3611
3611
3612
3612
3612
3613
3613
3613
3614
3614
3614
3614
3615
3615
3616
3616
3617
3618
3618
3619
3620
3621
3621
3622
3623
3623
3624
3624
3625
3625
3627
3627
3627
3628
3628
3628
3629
3629
3629
3630
3630
3631
3632
3632
3633
3633
3635
3637
3639
3639
3639
3640
3640
3641
3641
3641
3642
3642
3643
3643
3644
3644
3645
3645
3646
3646
3646
3647
3647
3648
3649
3649
3650
3651
3651
3651
3652
3653
3655
3655
3655
3656
3656
3656
3657
3657
3658
3658
3658
3659
3659
3660
3660
3661
3661
3662
3662
3663
3663
3664
3664
3665
3665
3665
3666
3666
3666
3667
3667
3668
3669
3669
3670
3670
3671
3671
3673
3673
3674
3674
3675
3675
3675
3676
3676
3677
3677
3678
3679
3679
3680
3680
3681
3682
3682
3683
3683
3684
3686
3686
3687
3688
3689
3690
3690
3691
3691
3692
3693
3693
3693
3694
3694
3695
3695
3696
3696
3696
3697
3697
3698
3698
3699
3699
3700
3700
3700
3701
3701
3702
3702
3704
3704
3705
3706
3708
3708
3709
3709
3710
3710
3711
3711
3713
3715
3715
3716
3716
3716
3717
3718
3718
3719
3719
3720
3721
3722
3723
3726
3726
3726
3727
3727
3728
3728
3730
3730
3731
3732
3732
3734
3734
3735
3735
3735
3737
3737
3737
3738
3738
3739
3739
3740
3741
3741
3741
3741
3742
3742
3743
3744
3744
3745
3746
3746
3747
3748
3748
3749
3749
3749
3750
3751
3751
3752
3753
3753
3753
3754
3754
3755
3755
3756
3756
3756
3757
3757
3758
3759
3759
3760
3761
3761
3762
3763
3763
3763
3764
3764
3764
3765
3766
3766
3766
3768
3768
3769
3770
3770
3770
3771
3772
3772
3773
3773
3775
3775
3775
3776
3776
3777
3777
3778
3778
3780
3780
3781
3781
3781
3781
3782
3783
3783
3783
3784
3784
3785
3785
3786
3786
3786
3787
3788
3788
3789
3790
3790
3791
3792
3792
3792
3793
3793
3793
3794
3794
3794
3795
3796
3796
3797
3798
3798
3799
3800
3800
3800
3801
3802
3802
3803
3803
3804
3805
3807
3807
3808
3809
3809
3809
3810
3810
3810
3811
3811
3813
3813
3815
3815
3816
3817
3818
3818
3818
3819
3819
3820
3820
3821
3821
3822
3822
3822
3823
3824
3825
3826
3827
3828
3830
3830
3830
3831
3831
3831
3832
3832
3833
3834
3834
3835
3835
3835
3836
3837
3837
3838
3838
3839
3839
3840
3840
3841
3841
3842
3842
3843
3844
3844
3845
3845
3846
3846
3846
3847
3848
3848
3848
3849
3849
3850
3851
3852
3854
3854
3855
3856
3856
3857
3858
3859
3859
3860
3860
3861
3861
3861
3862
3862
3863
3864
3864
3864
3865
3865
3865
3866
3868
3869
3870
3870
3870
3871
3871
3872
3872
3873
3873
3874
3874
3875
3875
3876
3877
3878
3879
3879
3879
3880
3881
3881
3881
3882
3882
3883
3883
3884
3885
3885
3886
3886
3886
3887
3887
3887
3888
3888
3889
3890
3891
3891
3892
3893
3893
3893
3894
3894
3894
3895
3895
3897
3897
3898
3898
3899
3899
3899
3900
3901
3901
3902
3902
3903
3903
3903
3904
3905
3905
3905
3906
3907
3907
3907
3908
3908
3909
3909
3910
3911
3912
3912
3913
3913
3914
3914
3915
3916
3916
3917
3917
3918
3918
3918
3919
3919
3919
3920
3920
3921
3921
3922
3922
3923
3923
3923
3924
3925
3925
3926
3926
3927
3927
3927
3928
3929
3930
3930
3930
3932
3934
3934
3934
3935
3935
3936
3936
3936
3936
3937
3938
3938
3939
3939
3939
3940
3940
3940
3941
3941
3942
3943
3944
3944
3944
3945
3945
3946
3946
3946
3946
3947
3947
3948
3948
3949
3949
3949
3950
3950
3951
3952
3952
3953
3955
3955
3956
3957
3957
3957
3958
3958
3959
3959
3960
3962
3962
3963
3963
3963
3964
3965
3965
3966
3966
3968
3968
3969
3969
3969
3970
3970
3971
3971
3972
3972
3972
3973
3973
3974
3974
3974
3975
3975
3975
3976
3976
3976
3977
3977
3978
3978
3979
3979
3980
3980
3981
3982
3982
3983
3983
3983
3984
3984
3985
3986
3986
3986
3987
3987
3988
3988
3988
3989
3990
3990
3990
3991
3991
3991
3992
3992
3992
3993
3994
3994
3995
3995
3995
3996
3996
3997
3997
3998
3998
3999
4000
4000
4001
4001
4002
4003
4004
4004
4005
4005
4006
4006
4006
4007
4008
4008
4009
4010
4010
4010
4011
4012
4013
4013
4014
4014
4015
4015
4016
4016
4016
4017
4017
4017
4018
4018
4019
4020
4021
4021
4022
4022
4023
4024
4024
4025
4025
4026
4027
4027
4027
4028
4028
4029
4030
4030
4031
4032
4033
4034
4035
4036
4036
4036
4037
4037
4037
4038
4038
4039
4039
4041
4041
4042
4042
4043
4043
4044
4045
4045
4046
4046
4046
4047
4047
4048
4049
4049
4050
4050
4051
4052
4052
4052
4053
4053
4054
4054
4055
4056
4056
4057
4057
4058
4058
4059
4059
4059
4060
4060
4061
4061
4062
4063
4063
4063
4063
4064
4064
4064
4065
4065
4065
4066
4066
4067
4068
4069
4069
4069
4070
4070
4070
4071
4071
4072
4072
4073
4073
4074
4074
4075
4075
4076
4076
4076
4077
4077
4077
4078
4078
4079
4079
4080
4081
4081
4081
4082
4082
4083
4083
4084
4084
4085
4085
4086
4086
4086
4087
4087
4088
4088
4089
4089
4090
4090
4090
4091
4092
4092
4093
4093
4094
4095
4095
4095
4096
4096
4096
4097
4097
4098
4099
4101
4101
4102
4102
4103
4105
4105
4105
4106
4106
4108
4108
4108
4109
4109
4110
4111
4111
4111
4112
4112
4113
4113
4114
4115
4115
4116
4117
4117
4118
4118
4118
4119
4119
4119
4120
4120
4121
4121
4122
4123
4123
4123
4124
4124
4125
4125
4126
4127
4127
4128
4128
4129
4131
4131
4131
4132
4132
4132
4133
4133
4134
4134
4135
4135
4135
4136
4137
4137
4137
4138
4138
4139
4140
4141
4142
4144
4144
4144
4145
4145
4145
4146
4146
4146
4147
4148
4149
4150
4150
4151
4152
4152
4152
4153
4153
4154
4154
4154
4155
4155
4155
4155
4156
4156
4157
4157
4158
4159
4159
4161
4161
4162
4163
4163
4164
4164
4166
4166
4166
4167
4167
4168
4168
4169
4169
4170
4170
4171
4171
4172
4172
4173
4174
4175
4175
4176
4176
4177
4177
4178
4178
4178
4179
4179
4180
4180
4181
4181
4181
4182
4183
4185
4185
4186
4187
4187
4187
4188
4188
4189
4189
4190
4191
4191
4193
4193
4194
4194
4194
4196
4196
4198
4200
4200
4201
4202
4202
4202
4203
4203
4205
4205
4205
4206
4206
4207
4207
4207
4208
4209
4209
4210
4210
4211
4212
4212
4212
4213
4213
4213
4214
4214
4215
4215
4216
4217
4217
4217
4218
4218
4219
4219
4220
4220
4221
4221
4222
4223
4223
4224
4224
4225
4225
4226
4227
4228
4229
4229
4230
4231
4232
4232
4233
4233
4233
4234
4234
4235
4235
4236
4236
4237
4237
4238
4238
4239
4239
4239
4240
4241
4241
4242
4242
4243
4243
4244
4244
4246
4247
4247
4248
4249
4249
4249
4250
4251
4251
4251
4252
4252
4253
4253
4254
4255
4257
4257
4257
4258
4258
4259
4260
4260
4261
4262
4263
4263
4264
4264
4264
4264
4265
4265
4265
4266
4266
4266
4267
4267
4268
4268
4269
4269
4270
4270
4271
4271
4271
4272
4273
4274
4274
4274
4275
4275
4276
4276
4276
4276
4277
4277
4277
4277
4278
4279
4279
4280
4280
4280
4281
4281
4282
4283
4283
4284
4285
4285
4286
4286
4287
4289
4289
4289
4290
4290
4291
4291
4292
4292
4293
4293
4294
4294
4295
4296
4296
4297
4298
4298
4299
4300
4300
4300
4301
4302
4302
4303
4303
4304
4305
4306
4306
4307
4307
4308
4309
4309
4309
4310
4310
4311
4311
4311
4312
4312
4313
4313
4313
4314
4314
4315
4315
4316
4317
4317
4317
4318
4318
4318
4319
4319
4320
4320
4321
4321
4322
4322
4323
4323
4324
4324
4325
4325
4325
4326
4327
4327
4327
4328
4329
4329
4330
4331
4332
4332
4333
4334
4335
4335
4337
4339
4339
4340
4340
4340
4341
4341
4342
4342
4342
4343
4343
4345
4345
4346
4347
4347
4348
4349
4350
4350
4350
4351
4352
4354
4354
4354
4355
4355
4355
4355
4356
4356
4356
4357
4357
4357
4358
4359
4360
4360
4361
4361
4361
4362
4362
4362
4363
4363
4364
4364
4365
4365
4366
4366
4366
4367
4367
4368
4368
4369
4369
4370
4370
4371
4371
4371
4371
4372
4372
4373
4374
4374
4375
4376
4376
4377
4378
4378
4379
4379
4380
4381
4381
4381
4381
4382
4382
4382
4383
4383
4383
4384
4384
4384
4384
4385
4386
4386
4387
4387
4388
4388
4389
4389
4390
4391
4392
4392
4392
4393
4393
4394
4394
4394
4395
4395
4395
4396
4396
4397
4398
4398
4399
4399
4399
4399
4400
4400
4401
4401
4401
4402
4402
4403
4403
4404
4404
4405
4405
4406
4407
4407
4408
4408
4409
4410
4410
4411
4412
4413
4414
4415
4415
4415
4416
4416
4416
4417
4417
4418
4418
4419
4419
4420
4420
4420
4421
4422
4423
4424
4424
4425
4426
4426
4427
4427
4428
4429
4429
4429
4430
4431
4432
4432
4433
4433
4434
4434
4435
4435
4436
4438
4438
4438
4439
4439
4439
4440
4441
4441
4442
4442
4442
4443
4443
4443
4444
4444
4444
4445
4445
4445
4446
4446
4446
4446
4447
4447
4447
4448
4448
4448
4448
4449
4449
4449
4450
4451
4451
4452
4453
4453
4454
4454
4454
4455
4455
4456
4456
4456
4457
4457
4458
4458
4459
4459
4460
4460
4461
4461
4461
4462
4462
4463
4464
4464
4464
4464
4465
4466
4466
4467
4467
4468
4468
4469
4469
4469
4470
4470
4471
4472
4473
4473
4474
4475
4475
4475
4476
4477
4477
4477
4478
4479
4479
4480
4481
4481
4482
4482
4482
4483
4484
4484
4485
4486
4486
4486
4487
4487
4487
4488
4488
4489
4489
4489
4490
4490
4491
4491
4492
4492
4492
4493
4494
4495
4495
4495
4496
4496
4496
4496
4497
4497
4498
4498
4498
4499
4499
4500
4500
4501
4501
4502
4502
4503
4503
4504
4506
4506
4506
4507
4507
4507
4508
4509
4509
4510
4510
4511
4512
4512
4513
4513
4513
4514
4515
4516
4516
4517
4518
4519
4520
4520
4520
4520
4521
4521
4522
4522
4522
4524
4524
4526
4526
4527
4527
4527
4528
4529
4530
4530
4532
4533
4533
4535
4535
4536
4536
4536
4537
4537
4538
4538
4539
4540
4540
4540
4541
4542
4542
4544
4545
4545
4545
4546
4546
4546
4547
4547
4547
4548
4548
4549
4549
4549
4550
4550
4550
4551
4552
4552
4554
4554
4555
4556
4556
4556
4558
4558
4558
4560
4560
4560
4561
4561
4561
4562
4562
4562
4563
4564
4564
4564
4565
4565
4566
4566
4566
4567
4567
4568
4568
4568
4569
4569
4570
4570
4571
4571
4572
4572
4573
4573
4574
4575
4576
4576
4576
4577
4577
4579
4579
4580
4581
4582
4582
4583
4583
4584
4584
4585
4585
4585
4586
4586
4587
4587
4587
4588
4588
4588
4589
4589
4591
4591
4592
4593
4594
4594
4595
4596
4597
4597
4598
4599
4599
4599
4600
4602
4602
4602
4603
4603
4604
4604
4604
4605
4605
4605
4606
4606
4607
4607
4607
4608
4608
4608
4610
4610
4610
4611
4612
4613
4613
4613
4613
4614
4614
4615
4615
4615
4616
4616
4616
4617
4617
4617
4618
4619
4619
4620
4621
4621
4622
4623
4623
4623
4624
4625
4625
4626
4627
4627
4628
4629
4629
4630
4631
4632
4633
4633
4634
4635
4636
4636
4636
4636
4637
4637
4637
4638
4638
4638
4639
4639
4640
4640
4641
4641
4642
4643
4643
4644
4644
4644
4644
4645
4645
4646
4646
4647
4648
4648
4648
4649
4650
4650
4650
4651
4652
4652
4652
4653
4653
4654
4654
4654
4655
4656
4656
4657
4657
4658
4659
4659
4660
4661
4663
4665
4665
4665
4665
4666
4666
4667
4667
4668
4669
4669
4670
4670
4670
4671
4671
4671
4671
4672
4672
4673
4673
4673
4674
4675
4675
4676
4677
4677
4678
4679
4679
4679
4680
4681
4682
4682
4683
4684
4684
4685
4685
4686
4687
4687
4687
4688
4688
4688
4688
4689
4689
4689
4690
4690
4692
4694
4694
4694
4695
4695
4696
4696
4697
4697
4698
4698
4698
4699
4699
4699
4699
4700
4701
4701
4702
4702
4702
4704
4704
4705
4706
4707
4707
4707
4708
4708
4709
4710
4710
4711
4711
4712
4712
4713
4713
4713
4714
4714
4714
4715
4716
4716
4716
4717
4717
4718
4719
4720
4720
4721
4721
4721
4722
4723
4723
4724
4724
4724
4725
4725
4726
4727
4728
4728
4729
4729
4730
4730
4731
4732
4732
4732
4733
4733
4733
4734
4734
4735
4735
4736
4737
4738
4740
4740
4740
4741
4742
4743
4743
4743
4744
4744
4745
4745
4745
4746
4747
4747
4748
4749
4749
4750
4751
4752
4752
4753
4754
4754
4754
4755
4756
4757
4757
4758
4758
4759
4760
4760
4761
4761
4762
4762
4762
4763
4763
4764
4765
4765
4765
4766
4766
4767
4768
4768
4768
4769
4769
4770
4770
4771
4771
4772
4772
4773
4773
4773
4774
4774
4775
4775
4776
4778
4778
4778
4778
4779
4779
4779
4780
4780
4780
4781
4781
4782
4782
4783
4783
4784
4784
4785
4785
4785
4786
4787
4787
4788
4788
4788
4789
4789
4790
4790
4791
4791
4792
4792
4794
4794
4794
4795
4795
4796
4796
4797
4797
4798
4798
4799
4801
4802
4803
4804
4805
4807
4807
4808
4808
4808
4809
4809
4809
4810
4811
4812
4812
4813
4813
4814
4814
4815
4815
4815
4817
4818
4819
4819
4820
4820
4821
4821
4821
4822
4823
4823
4824
4824
4825
4825
4825
4825
4826
4826
4827
4827
4828
4828
4828
4828
4829
4830
4830
4831
4832
4832
4833
4833
4834
4835
4835
4836
4836
4836
4837
4838
4839
4839
4840
4841
4841
4841
4841
4842
4842
4843
4843
4844
4845
4845
4845
4846
4846
4846
4847
4847
4848
4848
4849
4849
4850
4850
4850
4851
4852
4854
4854
4854
4854
4855
4856
4857
4857
4858
4858
4859
4859
4860
4861
4861
4861
4862
4862
4863
4864
4864
4864
4865
4865
4866
4866
4867
4867
4868
4869
4869
4870
4870
4871
4871
4872
4872
4873
4873
4874
4875
4875
4876
4876
4877
4877
4878
4879
4880
4880
4880
4881
4881
4881
4882
4882
4882
4883
4884
4884
4885
4886
4886
4887
4887
4887
4888
4888
4889
4889
4891
4891
4892
4892
4893
4894
4894
4895
4896
4896
4898
4898
4898
4899
4899
4900
4901
4901
4902
4902
4902
4903
4904
4904
4905
4905
4906
4906
4907
4907
4908
4908
4909
4910
4910
4912
4912
4912
4913
4914
4914
4914
4915
4915
4916
4916
4916
4917
4918
4918
4919
4919
4920
4920
4921
4921
4922
4923
4924
4924
4925
4925
4927
4927
4927
4927
4928
4928
4928
4929
4930
4930
4931
4931
4932
4932
4932
4932
4933
4933
4934
4934
4935
4935
4935
4936
4936
4937
4938
4939
4939
4940
4940
4941
4941
4941
4942
4942
4942
4943
4943
4943
4944
4945
4945
4945
4945
4946
4946
4947
4947
4949
4949
4949
4950
4950
4951
4951
4952
4952
4952
4953
4954
4954
4954
4955
4955
4955
4956
4956
4956
4957
4958
4958
4959
4959
4959
4960
4960
4960
4961
4961
4962
4964
4965
4965
4966
4966
4967
4968
4968
4968
4969
4969
4970
4970
4971
4971
4972
4972
4973
4973
4973
4974
4975
4976
4976
4977
4977
4978
4978
4979
4980
4981
4981
4981
4982
4982
4983
4983
4984
4984
4984
4985
4985
4985
4986
4987
4987
4988
4989
4989
4989
4990
4991
4992
4993
4993
4995
4995
4997
4998
5000
5000
5000
5001
5001
5001
5002
5002
5002
5002
5003
5003
5004
5004
5005
5005
5007
5007
5008
5009
5009
5010
5011
5011
5011
5012
5013
5013
5013
5014
5014
5015
5015
5015
5016
5016
5017
5017
5017
5018
5018
5019
5019
5020
5021
5023
5023
5024
5024
5024
5025
5025
5026
5026
5026
5027
5028
5028
5028
5029
5029
5030
5030
5031
5032
5033
5034
5035
5035
5036
5037
5037
5038
5038
5039
5039
5039
5040
5041
5042
5043
5044
5046
5046
5046
5047
5047
5048
5048
5048
5049
5049
5049
5050
5050
5051
5051
5052
5053
5053
5053
5054
5054
5055
5056
5056
5056
5057
5057
5058
5058
5058
5059
5060
5060
5061
5061
5062
5063
5063
5064
5064
5065
5066
5067
5067
5068
5068
5069
5069
5069
5070
5070
5072
5073
5074
5074
5075
5075
5076
5076
5076
5077
5078
5078
5078
5079
5079
5080
5080
5080
5081
5082
5082
5083
5084
5084
5084
5085
5086
5087
5088
5088
5089
5089
5089
5090
5090
5091
5092
5094
5095
5095
5096
5098
5098
5100
5100
5101
5101
5102
5103
5103
5104
5105
5105
5106
5106
5107
5107
5108
5108
5108
5109
5109
5109
5110
5111
5111
5111
5112
5112
5113
5113
5114
5114
5115
5115
5116
5116
5117
5117
5118
5118
5119
5120
5120
5121
5122
5122
5122
5123
5123
5124
5124
5124
5125
5125
5126
5127
5128
5128
5130
5132
5132
5133
5135
5135
5135
5136
5136
5137
5137
5137
5138
5139
5139
5140
5141
5141
5142
5143
5144
5144
5145
5145
5145
5146
5146
5146
5148
5149
5149
5151
5151
5153
5153
5153
5153
5154
5154
5154
5155
5156
5157
5157
5157
5158
5158
5159
5159
5159
5160
5160
5160
5161
5161
5162
5162
5163
5163
5164
5164
5165
5165
5166
5166
5167
5167
5168
5168
5169
5170
5170
5171
5171
5172
5173
5173
5173
5175
5177
5177
5178
5179
5179
5180
5180
5181
5181
5182
5182
5183
5184
5184
5184
5185
5186
5186
5186
5187
5187
5187
5188
5189
5189
5189
5190
5191
5192
5192
5192
5193
5193
5193
5194
5195
5195
5196
5196
5196
5197
5199
5199
5199
5200
5200
5201
5201
5202
5202
5202
5203
5204
5204
5204
5204
5205
5205
5206
5206
5206
5207
5207
5208
5209
5209
5209
5210
5211
5211
5212
5212
5213
5213
5214
5214
5215
5215
5216
5216
5217
5217
5218
5218
5220
5220
5220
5221
5221
5222
5222
5223
5224
5225
5225
5225
5226
5227
5228
5229
5230
5230
5231
5231
5231
5232
5233
5233
5233
5234
5234
5235
5235
5236
5236
5238
5238
5239
5239
5240
5240
5240
5241
5241
5241
5242
5243
5244
5244
5244
5245
5245
5246
5246
5247
5247
5248
5248
5249
5249
5249
5250
5250
5250
5250
5251
5251
5252
5252
5253
5254
5254
5256
5256
5257
5258
5258
5259
5259
5260
5260
5260
5261
5261
5262
5263
5263
5264
5264
5265
5266
5268
5268
5268
5269
5269
5270
5270
5270
5271
5271
5272
5272
5273
5273
5274
5274
5274
5275
5275
5276
5276
5277
5277
5278
5278
5279
5279
5280
5280
5281
5281
5281
5282
5282
5283
5283
5284
5285
5286
5287
5289
5289
5289
5290
5291
5292
5292
5293
5294
5294
5295
5296
5297
5297
5298
5298
5299
5299
5300
5300
5300
5301
5301
5301
5302
5302
5303
5303
5303
5303
5304
5304
5305
5305
5305
5306
5306
5306
5307
5307
5307
5308
5308
5309
5309
5309
5310
5311
5311
5311
5312
5313
5313
5314
5314
5315
5315
5316
5316
5319
5319
5320
5320
5321
5321
5321
5322
5323
5323
5324
5324
5325
5325
5325
5326
5326
5326
5327
5327
5328
5329
5329
5330
5331
5331
5332
5333
5333
5333
5334
5334
5335
5335
5335
5335
5336
5337
5338
5340
5340
5340
5341
5341
5342
5342
5343
5343
5344
5344
5344
5345
5345
5346
5347
5348
5348
5348
5349
5350
5351
5352
5352
5353
5353
5354
5354
5356
5356
5357
5357
5357
5358
5358
5359
5359
5360
5360
5361
5361
5361
5362
5362
5362
5363
5364
5364
5365
5366
5366
5368
5370
5370
5371
5371
5371
5373
5373
5374
5375
5375
5375
5376
5376
5377
5377
5377
5378
5380
5381
5382
5383
5383
5383
5384
5384
5384
5385
5385
5386
5386
5386
5387
5387
5388
5388
5388
5389
5389
5389
5390
5390
5391
5391
5391
5392
5392
5393
5394
5394
5395
5396
5397
5398
5398
5398
5399
5400
5402
5403
5403
5404
5405
5406
5407
5407
5407
5409
5410
5413
5413
5413
5413
5414
5414
5414
5415
5416
5417
5417
5417
5418
5419
5419
5419
5421
5421
5421
5422
5422
5422
5423
5423
5424
5425
5425
5425
5426
5426
5426
5427
5427
5428
5428
5428
5429
5429
5429
5430
5431
5431
5432
5432
5433
5434
5434
5434
5436
5436
5437
5438
5439
5441
5442
5443
5444
5444
5445
5446
5448
5449
5449
5451
5451
5452
5452
5453
5455
5455
5456
5457
5457
5459
5459
5459
5461
5462
5462
5462
5463
5463
5464
5466
5467
5467
5468
5470
5470
5471
5472
5472
5473
5474
5475
5475
5477
5477
5479
5480
5481
5483
5485
5486
5487
5489
5491
5493
5493
5495
5496
5497
5499
5499
5500
5501
5502
5503
5503
5505
5506
5507
5509
5511
5513
5515
5517
5519
5521
5523
5525
5527
5529
5531
5533
5534
5535
5536
5537
5538
5539
5539
5540
5541
5543
5545
5547
5549
5549
5551
5552
5553
5553
5555
5557
5559
5559
5559
5561
5561
5563
5564
5565
5566
5568
5570
5572
5572
5573
5574
5575
5577
5579
5581
5583
5585
5586
5587
5588
5590
5592
5594
5595
5596
5596
5597
5598
5599
5600
5602
5604
5606
5606
5607
5608
5610
5612
5614
5616
5616
5618
5618
5620
5620
5622
5623
5624
5626
5628
5630
5631
5633
5635
5635
5637
5639
5640
5641
5643
5645
5646
5647
5647
5649
5651
5653
5655
5655
5656
5656
5658
5660
5662
5663
5664
5666
5668
5670
5672
5673
5674
5676
5678
5680
5682
5684
5686
5687
5688
5688
5690
5690
5692
5694
5694
5696
5698
5699
5700
5701
5702
5704
5706
5708
5710
5710
5712
5714
5716
5718
5720
5720
5722
5724
5726
5728
5730
5732
5732
5734
5735
5735
5737
5739
5739
5741
5741
5743
5745
5747
5748
5749
5751
5753
5755
5757
5759
5760
5760
5761
5762
5763
5764
5765
5766
5768
5769
5770
5770
5772
5774
5774
5776
5776
5777
5778
5780
5782
5783
5783
5784
5785
5787
5789
5790
5791
5793
5795
5795
5797
5799
5800
5801
5802
5803
5804
5806
5808
5810
5810
5812
5814
5816
5818
5818
5820
5820
5820
5821
5821
5822
5823
5824
5826
5826
5828
5830
5830
5831
5832
5834
5836
5838
5839
5841
5843
5845
5846
5848
5850
5852
5852
5852
5853
5854
5856
5858
5858
5860
5860
5861
5863
5864
5865
5865
5867
5869
5871
5871
5873
5874
5875
5877
5879
5880
5880
5881
5882
5883
5884
5885
5887
5889
5889
5890
5891
5892
5892
5894
5894
5895
5895
5896
5898
5900
5902
5904
5905
5906
5907
5908
5908
5910
5910
5912
5913
5914
5916
5916
5918
5920
5922
5924
5926
5926
5928
5929
5930
5931
5932
5934
5936
5938
5940
5940
5942
5944
5946
5946
5948
5948
5949
5949
5949
5950
5950
5951
5951
5952
5952
5952
5953
5953
5954
5954
5954
5955
5955
5956
5956
5957
5957
5958
5958
5959
5959
5960
5960
5960
5961
5961
5962
5962
5963
5963
5964
5965
5965
5966
5966
5966
5967
5967
5967
5969
5969
5969
5970
5970
5972
5972
5973
5973
5974
5975
5975
5976
5976
5977
5978
5978
5980
5981
5981
5982
5983
5983
5985
5985
5986
5988
5988
5988
5988
5989
5990
5990
5991
5991
5992
5992
5993
5993
5994
5995
5996
5996
5997
5999
5999
6000
6001
6001
6001
6002
6003
6003
6004
6004
6004
6005
6005
6006
6008
6008
6010
6010
6012
6012
6013
6014
6015
6016
6017
6019
6021
6022
6022
6023
6028
6030
6031
6032
6032
6034
6034
6035
6035
6036
6037
6038
6039
6041
6042
6043
6043
6044
6044
6045
6045
6047
6048
6049
6049
6050
6051
6052
6053
6054
6055
6057
6057
6058
6060
6061
6063
6070
6070
6071
6073
6073
6073
6074
6078
6079
6080
6083
6084
6084
6084
6085
6085
6088
6089
6090
6090
6091
6092
6094
6094
6094
6095
6097
6097
6097
6097
6098
6098
6099
6099
6100
6100
6102
6103
6103
6104
6105
6107
6107
6107
6108
6109
6109
6111
6111
6111
6112
6113
6115
6115
6116
6116
6117
6119
6121
6121
6122
6123
6124
6125
6125
6125
6126
6127
6129
6129
6130
6130
6131
6131
6132
6132
6133
6135
6137
6138
6139
6141
6143
6143
6145
6147
6147
6149
6151
6152
6153
6155
6155
6156
6157
6158
6160
6160
6162
6164
6166
6168
6170
6170
6172
6172
6172
6174
6176
6178
6178
6180
6182
6184
6184
6186
6188
6190
6190
6192
6194
6196
6198
6199
6200
6202
6204
6204
6206
6207
6208
6210
6212
6214
6216
6216
6218
6220
6220
6221
6222
6222
6224
6225
6226
6228
6230
6231
6232
6234
6236
6238
6240
6241
6242
6244
6245
6246
6248
6250
6252
6254
6256
6258
6258
6260
6260
6262
6264
6266
6267
6268
6268
6268
6270
6272
6274
6276
6277
6278
6278
6280
6281
6282
6284
6284
6285
6286
6288
6288
6290
6292
6294
6296
6298
6300
6300
6301
6301
6302
6302
6304
6304
6306
6306
6306
6307
6308
6310
6312
6314
6316
6318
6320
6322
6324
6326
6328
6329
6331
6333
6335
6337
6337
6339
6341
6343
6343
6345
6347
6348
6348
6350
6352
6354
6355
6357
6357
6359
6359
6359
6361
6361
6363
6365
6367
6369
6370
6371
6372
6373
6375
6377
6379
6381
6382
6383
6384
6385
6386
6386
6388
6390
6391
6392
6394
6395
6396
6398
6400
6402
6404
6406
6408
6410
6410
6412
6412
6414
6416
6418
6420
6422
6424
6426
6428
6430
6432
6434
6436
6438
6440
6442
6443
6444
6445
6446
6448
6448
6450
6452
6454
6455
6456
6456
6457
6459
6461
6461
6463
6465
6467
6469
6471
6473
6474
6475
6476
6477
6478
6479
6481
6481
6482
6484
6486
6488
6490
6491
6492
6493
6494
6494
6496
6496
6498
6500
6502
6504
6506
6508
6510
6512
6514
6516
6518
6518
6520
6521
6522
6522
6524
6525
6526
6528
6530
6531
6532
6532
6534
6534
6536
6536
6538
6540
6542
6544
6546
6548
6550
6550
6552
6554
6555
6556
6557
6558
6559
6560
6562
6564
6566
6568
6570
6571
6573
6575
6577
6577
6578
6580
6582
6582
6584
6586
6586
6589
6589
6591
6592
6594
6594
6594
6596
6599
6599
6605
6607
6607
6607
6609
6612
6613
6613
6616
6616
6623
6624
6629
6629
6630
6631
6633
6633
6634
6634
6634
6635
6636
6639
6640
6642
6642
6643
6644
6644
6644
6645
6645
6646
6646
6647
6648
6648
6649
6649
6649
6650
6651
6652
6653
6653
6654
6654
6657
6659
6661
6663
6665
6667
6667
6668
6669
6671
6671
6672
6673
6673
6674
6675
6677
6677
6678
6679
6681
6681
6682
6683
6685
6685
6686
6687
6687
6688
6689
6691
6691
6692
6693
6693
6694
6695
4227
2054
2091
2102
2081
2114
2092
5638
2121
2794
2796
2120
2119
5625
2109
2125
2090
2129
2080
1928
5642
2140
2040
5615
2110
5671
2197
2779
6264
2079
2150
2154
3287
3294
2115
5835
2117
2149
2169
2907
2168
2174
3225
2716
2118
2719
4229
6237
2557
2747
2220
2221
2972
5685
2157
2222
2095
2097
6514
2159
2964
3214
2991
2867
2108
2137
5512
2106
2138
2136
2207
2219
5683
5837
5654
3105
2182
629
2181
2953
634
2160
2050
2142
920
2195
3198
473
478
489
2815
5504
2217
3311
2212
3258
2046
2045
903
915
2143
2148
3271
2203
2215
2164
2202
6180
236
2196
2187
2200
2201
3206
5658
2177
2211
2131
3280
2128
2708
2183
3011
2161
2094
2107
2155
1711
2145
1718
2180
6209
2193
2167
2671
2819
3005
2673
2144
2139
2132
5478
3191
2153
5532
2194
6517
3296
6179
2064
2062
2088
2735
2086
5621
2214
2213
2112
4253
2176
2216
3142
6380
2127
2208
2067
2093
5833
2077
5588
2051
2111
5609
2073
307
2071
2078
315
5523
2191
4404
2190
5525
58
49
2063
2065
5492
2543
2085
2679
2089
2069
5593
2104
2101
5631
2126
6384
2076
2075
3217
4405
2718
2198
6019
3285
4220
6205
2082
640
2994
5509
2074
2087
2748
2158
5511
3106
6548
5469
905
2134
2103
3215
5530
2172
2558
2799
2992
2044
2171
2170
5503
5531
3223
5499
2041
2047
6025
2776
925
2156
2113
476
3193
5611
3129
3220
2778
6194
2896
1783
2601
2963
2813
2903
2700
3104
4256
3209
2175
3201
2206
2958
5477
3297
491
1713
2052
3143
233
1706
2199
5491
2099
2146
63
2178
3247
4426
4239
2055
2662
5526
5502
2058
2209
300
3264
2545
2122
5524
2732
2787
3269
3006
2812
6637
3003
4408
2622
2070
2060
6204
2184
2061
2043
3305
2507
6636
314
5605
3304
4410
1246
33
1247
2737
39
2153
6517
2160
2164
6180
2190
2194
5728
3113
2646
2562
2203
2710
2202
3074
2628
2681
3076
5506
950
2142
2143
2641
2965
2954
2200
2201
4406
3192
2161
4254
3667
4403
2050
1949
3283
5514
3144
2599
2167
2674
3001
5499
5628
2181
2180
2193
2629
2709
2093
2215
2216
2857
3125
2208
2214
5588
2065
239
2067
5613
3221
3188
2467
2784
6397
2955
2075
3154
4430
2064
4646
5523
6514
5493
2159
2191
2395
2092
1692
3182
2090
2080
4218
2183
2196
2573
2898
2182
2187
1782
2176
2923
6182
2163
2111
5593
924
2868
2104
2131
5609
2658
3586
2128
2672
2548
3036
5833
2698
2517
2997
3093
3202
3156
2373
2615
2840
3582
5494
3135
3252
2647
3181
4334
2040
5615
2717
3004
3010
3952
4436
2088
3257
3046
3571
2086
3262
2391
2076
2702
2069
2078
2542
2497
2999
2073
3152
4241
2947
3592
2890
2659
3291
2644
60
3136
1929
4333
2556
2120
3245
2836
2446
6264
191
2207
2502
2062
5683
57
2063
3265
48
2763
3666
3070
1953
2764
2862
235
2148
2623
6179
243
1752
2976
3082
3290
3958
5520
1710
5638
53
3167
2121
3177
5487
3281
3272
4623
2503
2626
2720
2793
6512
3168
4346
2505
2687
3161
2908
474
4345
477
3088
4429
3577
3159
2616
2682
2685
5635
2389
2645
6662
1905
1952
2753
5644
1286
2974
2213
3186
2212
3298
5625
6380
953
2109
2127
2211
4327
5519
2561
951
5488
3080
2139
2637
5521
2132
3288
3301
5490
2157
3293
2155
4624
2678
4230
5835
904
2091
4228
6025
2756
914
2081
2736
2563
2906
3075
2150
5522
5489
2138
3030
2136
2372
3224
2094
2112
5671
2051
2107
2144
1984
2640
6197
2465
2500
5508
6209
2552
1408
6504
2960
2749
6141
2108
2110
1778
2106
2574
5621
2919
2126
3692
6384
3018
4386
2785
488
2603
6237
1428
3593
2605
2071
2221
2046
2077
2642
3000
375
919
1425
5507
2145
4591
2137
245
2501
2125
5654
1690
2335
630
2129
3109
635
1947
2918
2889
5651
3669
539
2154
5658
2177
2990
6061
2169
2516
1951
2494
2095
2097
2975
3160
3149
2079
2102
241
3242
2860
2149
2445
4349
3019
3807
3134
3822
3243
549
3557
2499
3395
1754
2402
3945
2478
3602
2168
3531
308
3044
4600
2197
4343
2119
3213
3731
2118
4433
2746
2795
2844
5663
2390
3950
2814
3183
2114
2115
6322
2117
3094
2634
254
2614
3564
2054
2477
3690
3832
959
4388
4330
2939
6200
2520
2670
2045
2219
1199
3098
3530
3638
6324
2613
2217
5700
3309
2769
5667
2514
3578
548
1755
3175
511
3570
5766
6048
5642
526
3831
2140
5901
2866
2780
2940
5556
3723
4382
5035
2924
3944
3244
2491
3045
2604
1366
1431
3048
2492
3579
2472
2643
965
2752
1206
3872
2818
3392
3676
544
5685
2476
1757
2222
3049
1712
2754
2174
3637
2493
3673
1987
2744
2941
1988
1719
1282
1418
2220
4366
1287
5037
419
5837
3826
4419
1427
3870
2488
6446
3677
3819
4347
2689
1906
3130
3948
546
3027
3017
3573
234
4342
331
3631
3825
3131
3802
2690
3556
3588
3875
1903
3197
3451
1193
3205
2195
3561
5649
5761
964
5656
3388
5677
507
3185
2399
316
2973
2331
3567
1276
5782
3953
5497
2596
6442
3803
3874
2921
3680
4635
5518
3554
5965
1357
3458
5678
3133
1361
1900
5498
5517
3607
2490
3132
2878
3028
2664
3460
3050
3393
3955
3025
3691
5041
6238
2398
4958
1212
2496
2638
2495
2487
3391
2951
3527
3596
3148
2401
2332
4954
322
3871
4597
5738
5828
4401
1385
3727
2474
5827
2876
3452
6436
1382
3718
2745
5727
2188
3800
251
1285
1983
3387
3126
3595
3455
3605
2330
2703
2470
1415
2329
3716
3734
5033
1395
415
529
1205
1392
2135
4959
2179
5028
4594
2166
3629
5856
523
2333
2518
2743
1195
3525
3541
1386
2192
3630
2618
2475
3915
1781
3544
3719
2875
3453
5577
3447
2066
3012
2871
2334
3730
3726
2872
3008
2877
4367
532
3023
329
3026
334
2473
3633
3721
528
3389
3598
3729
2057
5515
6066
2400
5724
3636
3550
2056
2173
5777
3450
2873
3909
1251
3542
3526
2471
3720
2185
5823
3024
3805
2874
5032
2731
3806
2049
237
6003
5528
2042
3546
3911
3180
3536
3635
2133
3913
2147
3540
3916
2734
2598
2204
378
1252
3914
3538
3273
6036
2141
2053
5626
4246
2210
2205
2189
377
2068
2540
2100
2123
3248
2059
2072
61
1699
2656
1733
2253
5484
3746
1933
2713
3418
3857
2352
3373
4272
6090
1524
2458
3421
3696
2252
5141
3289
3749
2888
3711
2397
6188
3671
2511
110
4237
2245
3158
4554
696
727
2243
2298
3737
294
116
4180
5540
2254
2387
2676
5707
2655
2083
2368
2152
2527
2130
4655
2909
3928
611
1705
1741
2377
2956
5664
918
3790
2326
2456
2228
608
636
3738
2255
1521
3785
3103
4271
2727
3710
4552
6570
2610
3698
704
2699
2986
2952
3744
1701
1402
4267
2886
5805
1098
705
1641
2832
5741
2652
5148
3699
3739
6419
2916
485
2234
3033
3122
4633
2353
3374
4765
2831
721
2381
3420
4265
2257
5648
2227
2742
4183
4766
3047
6298
718
2612
5695
6272
2706
2925
3742
2378
2116
2327
2452
2984
2438
3368
3789
2151
2231
2385
3022
3034
2237
5717
3117
2827
4270
2739
3784
828
2296
2379
2124
296
5143
5135
108
2859
3761
2098
3750
2926
5744
831
5755
2666
2977
2238
2885
2597
3021
3178
3788
2162
2325
6016
2248
3751
2096
2394
2554
3713
5757
1621
3014
3068
2904
1780
3837
4550
2242
1092
754
2928
5870
723
2236
2244
2988
751
4179
2453
5718
6049
2841
2651
3754
1296
700
2791
2186
3740
5765
3370
2229
5557
2654
3415
2039
4168
3964
4418
3850
2962
3422
797
3306
5385
2526
3925
6018
3295
3966
1633
2226
2297
3326
5919
3815
2037
6257
298
1823
5973
2308
5811
112
2223
3211
1794
3783
3962
3968
3020
5095
714
5838
2850
1086
2105
2440
6020
3854
281
1619
2306
3811
5088
2305
3367
2382
4181
2309
2386
3324
3327
2842
2849
3065
5552
5854
2388
182
5538
6388
1787
2224
2241
2927
3813
3839
5536
3083
5545
284
5541
3371
2983
3425
3864
2457
3424
4175
2450
5548
606
2230
3930
2829
766
2864
1639
2367
3313
2455
1826
3840
2653
2811
3505
5567
5544
2830
5786
273
3331
989
5091
3759
4185
2235
2636
3810
5501
1792
1720
1828
2433
3277
1629
3842
2781
4325
3275
266
2726
2777
5383
5599
1723
2729
3372
2541
2968
4172
2084
2828
4224
5393
3119
3038
2432
2437
3101
3702
2384
2816
2985
767
2249
4178
2240
3226
3278
1405
1704
2782
6280
1737
4331
3150
2218
2376
2380
2650
2728
2550
796
2509
5496
3157
4235
4170
2232
3319
3317
3419
3507
3195
3932
5080
6519
3979
2912
2370
3335
3509
748
2165
3755
745
3338
3976
799
4169
3984
3416
3330
41
3066
3087
3246
3015
3704
5569
2987
1403
2383
4173
2239
3846
3868
3429
5097
313
2913
38
3084
3253
1622
1789
2048
3320
3069
3009
3078
4415
3318
2443
3259
3849
5783
2451
3923
1088
3328
3844
5387
2307
2369
3506
3977
3866
3333
3757
1785
6278
2225
3323
5082
4171
3426
5600
3862
2932
6248
2936
3466
4142
3641
2930
2405
3410
2770
3379
225
3995
2459
3054
2578
2929
4884
3469
2408
1271
2938
3407
3377
3659
579
5606
2267
2693
1028
2879
898
2882
2624
2773
3300
4692
25
564
4196
566
6321
5817
983
2848
4882
3439
5699
4701
3414
2404
2340
2275
4281
6140
4124
1493
3237
6316
4889
2804
2277
3616
2579
4698
3358
3656
3764
2525
2805
2312
2268
5788
168
2712
3378
2970
3773
4648
5680
628
4287
2469
3060
3642
4121
1931
2946
4649
2935
4690
3590
573
3986
2567
4710
2934
575
1272
2821
3662
4119
2339
4129
4280
5830
2771
3649
2803
2943
3798
5710
2288
3400
986
2765
5571
3619
3356
3996
1868
3771
4657
3463
3111
2462
2900
4396
3465
2945
2760
2931
1874
3613
3765
4198
2820
3621
2354
2724
3432
24
2761
2893
2696
3218
2989
3137
5815
1491
1269
3092
3056
5623
6176
887
4685
2460
2341
2884
3660
2403
6057
5661
2463
174
1164
2721
3989
2261
3987
4708
1167
4194
2259
3384
2824
1488
2694
2937
3770
3406
2265
5793
2289
2291
3359
5866
900
2854
3212
3434
4659
2290
2337
2792
3055
1801
1866
2555
5753
3053
2697
3059
3433
3895
4991
2461
6340
2311
4704
3524
3793
5792
2524
3644
2336
2576
4894
2847
4689
3051
4002
891
4025
4706
2038
2933
2355
1452
1863
2292
2310
2851
2313
2272
366
2608
1454
3346
2609
1455
2260
220
2523
6032
177
2266
5696
3399
4013
2723
3624
5803
1036
2522
3796
4891
899
3350
3441
2318
2725
3442
398
3402
6211
3401
4131
2806
4684
565
560
885
4006
4125
2627
2880
3768
3894
406
1169
3302
4024
2837
3052
5560
1034
2294
2853
3140
3171
2797
1807
3648
2580
5582
1047
2772
5723
4008
5668
1809
1927
2714
482
3440
5731
2316
2894
3398
1682
2695
2273
3344
3988
5549
20
4702
2846
2407
2464
3409
2722
3484
4989
3357
404
3483
3063
6312
3897
4030
5720
5772
6342
2258
1041
3031
3196
5617
6335
889
5689
2565
4225
1677
2966
5618
387
1168
3653
3352
2852
1161
2855
4022
4998
5705
1056
3062
3229
2774
2577
6055
361
4012
5715
561
5640
6244
2607
3343
4032
1687
3523
1054
1053
3403
3408
4017
3443
4200
1026
3176
5691
6501
3485
554
380
3236
6398
4018
1817
2431
3360
4137
4995
6213
6332
312
368
2606
2276
4140
3340
3342
3348
6452
3487
3058
3404
2808
3361
6010
6593
3501
6596
6617
3499
6584
2412
5596
6616
5692
3365
2532
2584
1223
2530
2411
6624
2358
2418
5459
2284
6640
2582
6010
2359
2583
842
6309
6665
2595
3921
5897
2281
2435
4364
841
2436
4918
2484
2345
2303
5859
930
2344
5845
2483
845
1077
3779
2581
5263
5752
436
5574
2280
2537
6043
2481
2287
2301
4274
840
649
2531
6641
2427
4101
6608
4064
2586
4076
2304
2428
6688
4607
441
2413
6599
2299
4071
5957
4930
838
4081
2300
6113
442
2425
6292
2365
2285
2429
5021
2286
5562
2343
4714
5960
4442
4837
2364
5921
2486
3322
3991
502
6000
2350
5971
6642
2279
3918
3655
4042
2360
2591
6593
6601
6625
2480
6040
6612
4035
808
4526
2270
866
973
3880
2485
5456
2007
6694
2269
5070
2419
2809
5976
6591
2363
2594
2271
6584
2810
647
2593
6681
3920
4065
4045
4362
4078
4052
4095
4922
4053
4074
6030
4097
2657
4067
4357
4069
6009
3627
6632
4083
6615
2251
1227
6641
2536
2366
4611
5966
6170
443
2282
5017
5467
2283
2535
6687
2348
5553
4057
6599
6602
6590
2592
5486
2342
5587
3942
4214
2322
3502
3612
4928
2482
2346
3366
3610
5264
4484
3504
3778
3611
2539
3363
3495
5797
2479
4043
2410
2416
5603
3497
3775
5858
6619
2415
5962
2347
2538
6585
2349
2357
4718
6638
3974
1556
734
3992
5585
5790
5839
3939
1228
3993
6372
6594
741
1840
3473
3474
2529
3488
2351
2262
3906
4483
6639
2295
3493
5481
3494
4203
3479
3492
6613
1439
6098
4215
6693
207
6591
3321
3903
6301
5466
1658
2009
3490
2321
4191
5887
6618
4188
1435
4106
6597
6631
4637
5949
2589
3354
4111
4039
5861
3477
4049
813
3889
4979
3515
1219
5461
3364
4090
4117
4158
5485
3471
4054
3513
4060
6051
3314
4061
1842
201
3514
6669
6606
3884
3883
5994
3917
5565
4505
6680
5471
5801
4501
6598
3491
1440
4109
4494
4114
3935
3934
1559
3518
3511
4210
6478
5999
4048
4479
6375
6220
4091
3972
3973
4161
6117
4154
6689
3891
2588
3886
1766
2587
6044
6305
1231
2320
3476
4038
1767
1235
5713
6671
6595
6695
2323
3355
2434
2324
4975
1217
4115
6129
2264
1844
5888
2263
4150
4146
4189
5862
3512
4050
4209
4116
1582
4047
425
426
4190
3520
)


// ************************************************************************* //
