/*--------------------------------*- C++ -*----------------------------------*\
  =========                 |
  \\      /  F ield         | OpenFOAM: The Open Source CFD Toolbox
   \\    /   O peration     | Website:  https://openfoam.org
    \\  /    A nd           | Version:  9
     \\/     M anipulation  |
\*---------------------------------------------------------------------------*/
FoamFile
{
    format      ascii;
    class       vectorField;
    location    "constant/polyMesh";
    object      points;
}
// * * * * * * * * * * * * * * * * * * * * * * * * * * * * * * * * * * * * * //


1781
(
(-0.005543729003 -0.01728452033 0.03520421244)
(0.01316290454 -0.005756308412 0.03717285043)
(-0.002848886077 -0.007263605468 -0.03634424208)
(-0.04051314522 0.00695135908 -0.024735723)
(-0.06287296695 -0.1204836651 -0.001231039537)
(0.03030545159 -0.008495320478 -0.02192210048)
(0.07330930445 0.1056646957 -0.003001606309)
(-0.01069683556 -0.04899652587 0.04547609262)
(-0.03759963375 -0.07208126762 0.04345015439)
(0.02224072524 -0.05887042074 0.04471786474)
(0.005143615914 -0.083007321 0.04553541486)
(-0.01103671112 -0.01241421115 0.008351142608)
(-0.005313467092 -0.02129161159 0.01290277326)
(-0.00386118587 -0.008587719064 0.01562288077)
(0.05021823465 -0.09385596422 0.04247547214)
(-0.07257694504 -0.04422284496 -0.04413304669)
(-0.001492901736 -0.01280990642 0.009603786614)
(0.007330577345 -0.0028165731 0.009933276347)
(0.05729916172 -0.0787212854 -0.04016491837)
(-0.01187045229 -0.104098092 0.009526340312)
(-0.03972718473 -0.04867493515 -0.04093617805)
(-0.008617471044 -0.006490135889 0.005392126265)
(-0.03629725173 -0.08891060596 -0.04300944714)
(0.008866424107 -0.01772016326 -0.002406919496)
(0.01375088728 -0.1288776991 0.03886687401)
(-0.008929999819 -0.003143796162 0.006269115471)
(-0.03624168566 0.006096344712 0.04134820477)
(-0.005335218065 -0.0660366394 -0.04125127717)
(-0.006457634564 -0.003481926951 -0.002400555771)
(5.385793263e-08 -0.008136026008 -0.003707756803)
(-0.02867224235 -0.133461772 0.04008390829)
(-0.1419402786 -0.09565747986 -0.005704559412)
(0.009433481431 0.001090639515 0.006428630079)
(0.08963957544 -0.05618299881 -0.04276954764)
(0.03587732551 -0.120661402 -0.03955932137)
(-0.006671153336 -0.001216380314 -0.002170375035)
(-0.009064535548 -0.000460721853 -0.0002428225693)
(-0.004028607044 -0.09953156044 -0.01080079071)
(0.01136894964 -0.04162591608 -0.01143514212)
(0.10426991 -0.08731354716 0.03783139889)
(-0.1050649002 0.0007711152646 -0.04735820963)
(0.002351734168 -0.009480492089 -0.000975586638)
(-0.008369916233 -0.002260502097 0.003010316038)
(-0.009949584955 0.02477140235 0.04357314047)
(-0.008944773476 0.004452796879 0.003979646004)
(-0.08702340554 -0.1422616501 0.03104188223)
(-0.1252784796 -0.02763096832 0.03602115059)
(0.05371622531 0.0205564584 0.0474670267)
(0.004131277226 -0.1694158265 0.03718395553)
(0.03552877195 -0.1643892977 0.005838556257)
(0.09723196406 -0.09851854826 -0.04149529196)
(-0.005495844774 -0.006852324537 -0.002319003522)
(-0.002683495424 -0.009530851941 -0.00153825202)
(-0.008027154512 -0.00426161268 0.0008411657314)
(-0.08239520951 -0.1336101192 -0.03760686627)
(-0.1195892396 -0.09499567353 0.04078045476)
(6.868741117e-05 0.008280209178 0.01059364021)
(0.009153260822 0.0009259207797 0.0001319951727)
(0.03231267471 -0.1568697717 0.04386978453)
(0.06613401903 -0.1355603599 0.04410088373)
(-0.05966519054 0.05864475819 0.04118224908)
(-0.02957108216 -0.131889203 -0.0395054319)
(-0.1114215558 -0.1058707824 -0.04086231517)
(-0.1622250159 -0.04773436326 -0.0136903949)
(0.008896947391 0.004944812628 0.005788448251)
(0.008219816174 0.002202748552 0.002833476261)
(0.01072650297 0.01267920232 0.008018916296)
(-0.006367290216 -0.1668649842 0.005422587859)
(0.09592391105 -0.1322196601 0.02187154909)
(0.08312280262 -0.1510754803 -0.03265684998)
(-0.004131547558 0.02003683469 -0.01156781907)
(-0.0275158564 -0.1698195693 0.04204919705)
(0.04699033537 -0.1620123257 -0.02424600642)
(0.008973307822 -0.1427238203 -0.04120834998)
(-0.01397346291 0.05364491258 0.04077121869)
(-0.00239302584 0.009406531771 -0.0007785545526)
(-0.008307086187 0.01041945201 0.003234771794)
(-0.009955221463 0.04185370519 -0.009968420323)
(-0.07199288254 -0.1641440653 0.05208114982)
(-0.09239052083 -0.1513781363 -0.04906815411)
(-0.1432051569 -0.08608453429 -0.0371480607)
(0.1085940258 -0.0004052425029 -0.04318687061)
(0.008037888791 0.004342685285 0.001140170308)
(0.007299768242 0.005020321186 -0.001842971668)
(0.00106406291 0.01132040689 0.009361888774)
(0.01938227084 0.04665732128 0.01235493868)
(0.1134574635 -0.1320121647 0.0447552954)
(0.1453447999 -0.08142026098 -0.02578854798)
(0.01156750053 0.02804835369 -0.04338553496)
(-0.1111028216 -0.130005471 0.04078336003)
(-0.05881267091 -0.1565870834 -0.03770095255)
(-0.1590657472 -0.05753123608 0.03563112931)
(0.006918988656 0.001698837011 -0.001682063487)
(0.1476114027 -0.0828910997 0.0324677424)
(-0.1097150667 0.05587308221 0.04225030142)
(-0.0004148679456 0.01240190746 -0.006342002536)
(-0.1343116147 -0.1166267152 0.04776875455)
(-0.1651774603 -0.03402211174 -0.03983510981)
(-0.1585655986 0.006906807552 -0.01026837495)
(0.07298308229 0.04295824076 -0.04433257666)
(0.1310138189 -0.1130316109 0.047194698)
(0.129267638 -0.1112995612 -0.0479852779)
(-0.04910988686 0.07601634789 -0.04100702589)
(-0.01950944631 0.08700506197 0.0427121473)
(-0.1574952985 -0.08058849839 0.05065874544)
(-0.1631909266 -0.02447164928 0.04557676537)
(0.1655284972 -0.03137661984 0.01210594687)
(0.03138935271 -0.1827175939 -0.05522961858)
(-0.1660262474 0.02536358637 0.02945331236)
(-0.02243577246 -0.16418548 -0.03386598383)
(0.1478804333 -0.03923325647 -0.03896058696)
(0.05297012299 -0.1678082138 -0.05177601453)
(0.1616065901 -0.05537285039 0.04151513659)
(0.1472599428 -0.09392098925 -0.04916246497)
(0.003748708984 0.06073755991 -0.04277505257)
(0.003716492328 0.08308734229 0.01594301817)
(-0.1740540922 0.0009558120395 -0.0505626053)
(-0.1621616934 0.02884713308 -0.03984391654)
(0.04467531574 0.0823977207 0.04251062587)
(0.162428776 -0.07015064856 -0.04524023943)
(-0.1333092043 0.05622240041 -0.03426355214)
(0.1443303435 0.01978221538 0.0394989253)
(0.03988286442 0.07740180438 -0.04497835833)
(0.1734459398 -0.04433573014 -0.04629457431)
(-0.1185746959 0.1213767679 -0.004490840518)
(-0.0105323759 0.09006850029 -0.04055976781)
(0.001465989339 0.1105598009 0.04553934262)
(0.1653467468 0.01335788566 -0.02427597479)
(0.1683033442 -0.01428405647 -0.04772577485)
(-0.1582798755 0.05059868956 0.04485025768)
(-0.1379068493 0.09016420325 0.02483795746)
(-0.05670171629 0.1256015473 0.04158679807)
(-0.04757692134 0.1263878304 -0.04196264664)
(0.1209565119 0.06455937118 -0.03952371279)
(-0.1315750188 0.1004730014 -0.03567418542)
(-0.1382783252 0.103716706 0.04871829298)
(-0.1534403397 0.07506014272 -0.04896512669)
(-0.1152702451 0.1257282214 0.03964423276)
(0.1251002361 0.07320228384 0.04504090587)
(0.1725440097 0.02435936428 -0.04445095285)
(0.1723744449 0.01424399712 0.04899111097)
(0.1584354543 0.05446303232 -0.02577615677)
(0.03128063437 0.1329427009 0.04065805632)
(-0.04288609248 0.1633012777 0.0004346360904)
(-0.08702340554 0.1422616501 -0.03104188223)
(0.1561197935 0.04520694607 0.04430875074)
(0.1071209725 0.1265862885 0.02556377552)
(0.1057183582 0.1359257381 -0.02144083816)
(0.0216185627 0.1124367148 -0.04175031479)
(-0.003972030392 0.1402944847 -0.04476839359)
(-0.01438518741 0.1571861221 0.04105766502)
(-0.07743399308 0.1526137238 0.04376473794)
(-0.1118473257 0.1323317199 -0.04130064791)
(0.1819570006 0.04010733304 -0.0564533598)
(0.11388168 0.1082017455 -0.0393372715)
(-0.04655862116 0.1589530889 0.04246880866)
(0.008303308973 0.165034847 0.006594566969)
(-0.05341809791 0.1614572445 -0.03871181365)
(0.1815986897 0.03926487525 0.05680853647)
(0.08175929042 0.1490680461 0.03385697085)
(0.03006139467 0.1657936396 0.03610301532)
(-0.027134543 0.1672291891 -0.03811004325)
(0.1357056204 0.1108128993 0.04113125051)
(-0.0907237862 0.1534055447 -0.0514729762)
(0.1537108609 0.08628032828 -0.04924278338)
(0.1631968924 0.0579992081 -0.04995855346)
(0.0250252772 0.1663264681 -0.03020153197)
(0.1467083153 0.08923190388 0.04702897449)
(0.05863828561 0.160971026 0.04800783469)
(0.1063937653 0.1429105278 -0.04927215309)
(0.030853639 0.1845419719 0.05516825988)
(0.0614128755 0.1518090848 -0.03743514751)
(0.08110284583 0.1585849596 -0.05026634448)
(-0.00532049763 -0.004905527633 0.009937633361)
(-0.02886517464 -0.02023069888 0.04145599769)
(-0.007301443043 0.0002326852435 0.009533666877)
(0.03961609738 -0.007273065926 0.04577887728)
(0.02170786772 -0.03253141809 0.0459904865)
(-0.01971076859 -0.01555420476 -0.04101772089)
(0.01083772513 -0.02483101471 -0.04542461524)
(0.006265369349 -0.003242261915 -0.002798337271)
(-0.06030206472 0.006007990081 -0.04287196999)
(-0.04296719852 0.02996092623 -0.04470795428)
(-0.007558093329 0.001905317975 -0.003016979069)
(-0.07637654024 -0.01761808249 0.03197650395)
(-0.07843882192 -0.0938113522 0.03919814888)
(-0.07882638032 -0.08310856467 -0.03800487513)
(-0.08198184119 -0.1547718571 -0.002263507452)
(-0.0468506001 -0.1601686547 0.001442530951)
(0.06014802809 -0.00613184078 -0.04551832327)
(0.04084006445 -0.02544213536 -0.04467144524)
(0.08285885625 0.09513229359 -0.04550915946)
(0.07386475634 0.08026674662 0.04383546488)
(0.07916577302 0.05788293603 0.04146076059)
(0.03264283032 -0.05608875404 -0.04428277224)
(0.0368906136 0.01341390369 -0.05015532227)
(-0.1101861118 -0.1317275949 -0.006097846443)
(-0.11282904 -0.06497491743 -0.04176298619)
(-0.00529821758 -0.0006592986143 -0.003858214936)
(-0.007364362114 0.004553049725 -0.002161082496)
(-0.005138237077 0.004593225969 -0.004120409811)
(-0.07178796974 0.04448830274 -0.04156406803)
(0.005755272096 0.002635321414 -0.003798352615)
(0.003532050589 -0.004829029928 -0.003739258005)
(0.008206936303 -0.001080533372 -0.002381687012)
(0.06055559089 -0.0371142834 0.04113645121)
(-0.003663903436 0.002513962294 0.01101563469)
(-0.001920520366 -0.005948521697 0.01075172951)
(-0.005519379739 -0.0006606710709 0.01086578227)
(-0.0004766698282 -0.002012604286 0.01180557229)
(0.05423419384 0.120201304 -0.04195565268)
(0.06345523132 0.1614212407 0.01947239538)
(0.08830041339 0.1488802755 -0.0006676611595)
(-0.0200194834 0.1713060247 0.01324774192)
(0.1285050589 0.1186543658 -0.01675602226)
(0.1425521225 0.09749224604 -0.02902323023)
(-0.08664783609 0.1487038023 0.01505569599)
(0.004671932607 0.09007155379 -0.01289577204)
(0.01427879839 0.08712635833 -0.04501228786)
(0.005208182933 0.1059313449 -0.0112117516)
(0.1623871126 0.05207124295 0.008129785096)
(-0.0861622866 0.1038070338 -0.03935079433)
(0.01280083425 0.1123895633 0.01273552359)
(0.1379600372 0.03153705858 -0.03834536376)
(0.1685795368 -0.01051128209 0.03389718079)
(0.1385749483 0.09175136365 0.005850703493)
(-0.1524163954 0.07203394967 -0.01661121367)
(-0.08702453552 0.107910474 0.03830386815)
(-0.1297936518 0.02987889508 0.04157039457)
(-0.1612709593 0.05762281936 0.007991344904)
(0.1708487838 0.009158758953 0.008354654709)
(0.1156387827 0.03468780883 0.04794107274)
(0.1065290636 -0.001237152213 0.04495031689)
(0.04574789018 0.05143288916 0.04517487624)
(-0.1379422033 0.01032912171 -0.04569043497)
(0.00356980504 0.06883532826 -0.01797762172)
(0.1326572819 -0.03727649514 0.04146426662)
(0.14190236 -0.00278258026 -0.04286614455)
(-0.02186660423 -0.1768322856 -0.01003183802)
(-0.1546733738 0.004550150177 0.0461340666)
(0.1582491468 -0.06981983819 0.00826756952)
(0.1238735384 -0.114856039 0.02184356672)
(-0.08705481434 0.03858571783 0.04334506813)
(-0.08341883165 0.07612125992 0.04175658147)
(-0.1310475634 -0.06907744469 0.04429157214)
(0.139266591 -0.1005557116 0.001582300909)
(-0.004523872837 0.01109918021 0.01149561159)
(0.004626561687 0.006789896887 -0.003209428838)
(0.007111511144 0.002590821076 -0.002506917891)
(-0.1411986794 -0.05245569159 -0.04451222791)
(-0.007410966817 0.006353150825 0.0002993631445)
(0.08029608481 -0.1517996729 0.004147876753)
(0.006196573244 0.003998840154 0.009246243027)
(0.01852990725 0.0237251477 0.005589037127)
(-0.03765450971 0.03534825896 0.04953828014)
(0.009573458548 -0.001326781961 0.002525156809)
(-0.0002343921375 -0.01553843125 -0.007507938506)
(0.1165341332 -0.1245549976 -0.01475717173)
(-0.09747881807 -0.05261759211 0.03747700972)
(-0.009313047065 0.0003519696533 0.004869919927)
(-0.01008058181 0.01474926337 0.004118624807)
(0.02101420901 0.02388699082 0.03877029582)
(-0.08473761826 0.01543262351 -0.04974428959)
(0.006243610215 -0.07326512882 -0.01206923897)
(-0.01069600076 -0.1047548203 -0.04055085044)
(0.0126307752 -0.1133656249 -0.04653622628)
(0.1104066808 -0.07571325786 -0.05016693978)
(0.1165935109 -0.03302455932 -0.04405532636)
(0.009085876591 -0.002302105783 0.007963949437)
(-0.00853822415 -0.003045677078 -0.001738242373)
(-0.008639974543 -0.0007405127012 0.008580235359)
(-0.01847312838 -0.0828742236 0.0170272938)
(0.004779639462 -0.0007196622336 0.01068689301)
(0.00681742859 -0.006795865632 0.01022189637)
(-0.004265290582 -0.00846682 0.008576892935)
(-0.01782054338 -0.02952085236 0.005997031962)
(-0.001254626109 -0.06759522398 0.0215222057)
(-0.0008948445917 -0.09237953367 0.01954140417)
(-0.004946488675 -0.04043842731 0.02119412765)
(0.008734721766 -0.007170686363 0.005266369648)
(0.004778005626 0.002635061339 0.01069981157)
(0.00777214297 0.00102315826 0.01006301463)
(-0.0161397531 -0.05631752835 0.009398060943)
(-0.007509055225 -0.002568458293 0.008864724988)
(0.007699184023 -0.004206959519 0.001984050964)
(0.100081787 0.02796147746 -0.04405122772)
(-0.09196130696 0.0737465493 -0.04433236456)
(0.001353959563 -0.008871667654 0.009863754056)
(0.002199078494 -0.005362383039 0.01089087946)
(0.0787256241 -0.06752034325 0.04358280565)
(0.07404676668 -0.007641045608 0.04655390653)
(6.075723196e-05 0.003022558233 -0.00454617168)
(0.04235152461 0.03780171833 -0.04334526494)
(-0.001650008993 0.007284382089 -0.004116423237)
(0.001886746648 0.005055154419 0.01126236023)
(0.008090602402 -0.01047294816 0.003063339677)
(-0.1594564184 -0.07699643188 -0.05334837447)
(0.173576983 -0.0276284768 0.04644697779)
(0.02452303206 -0.07755414637 0.01499263813)
(-0.01600868945 -0.1072732841 -0.0003031146312)
(-0.04282228439 -0.1061548468 0.03545107927)
(-0.002220355198 -0.1164016511 0.01887889668)
(0.02187117111 -0.088629821 -0.04083895803)
(-0.01199731836 -0.00348752305 0.002018417401)
(0.07760861786 -0.08201223557 0.004351097412)
(-0.01180782064 -0.006662211324 -0.004636791288)
(-0.005043368628 -0.007965646584 -0.004235109873)
(0.01231559729 0.004382207618 0.002682860595)
(0.009629711564 0.002548886995 0.004120656781)
(-0.05675162742 -0.1562814882 0.0363770252)
(0.02327387638 -0.1300067426 -0.002623739313)
(0.01376014068 -0.1707365058 -0.02174825312)
(0.00633031682 0.02261341228 0.0147991665)
(0.04189507383 0.0602546245 -0.002858386859)
(0.001694970927 0.06446114589 0.02221854665)
(-0.1188909598 -0.1143191356 0.01813292895)
(-0.14987589 -0.08906829716 0.02614387186)
(0.01084306519 0.0123667881 -0.01262248742)
(-0.116985224 -0.02746085275 -0.02413389143)
(-0.02949927637 0.06831359463 0.01288684667)
(-0.1781908017 0.0007623475449 0.04786158007)
(-0.02794148899 0.1081389684 0.01000275162)
(-0.04078548858 0.1762085548 -0.05205461259)
(-0.01180729653 0.1394402192 -0.01131795517)
(0.001222172887 0.1740730597 -0.03659027019)
(0.03015457902 -0.02265455457 0.01580986537)
(0.01001390743 -0.01420851566 -0.01978908984)
(-0.006530932551 -0.02940943107 -0.0206330117)
(-0.06014624313 -0.02268629621 -0.01375791541)
(-0.007799106441 -0.0008466749366 -0.002897542888)
(-0.08179454553 -0.06767920559 0.004037637163)
(-0.02215894966 -0.1326641339 -0.002316865933)
(0.06239280026 -0.02787173324 -0.01377608056)
(0.08929923334 0.05860150992 -0.009407952486)
(0.01779406834 -0.00287956225 -0.0339501265)
(-0.001442931049 -0.004064031065 -0.00559872431)
(-0.009638738602 0.003468277612 -0.0001712412236)
(-0.008755447439 0.00322703183 -0.005827315383)
(0.005666193164 -0.00710767564 -0.003092992466)
(-0.0002701538253 0.00417964624 0.02729266809)
(-0.003198595028 -0.005613013478 0.01346856713)
(0.0210611551 0.1329923682 -0.01033474117)
(-0.06473849951 0.1139872638 -0.003033980059)
(0.02766410497 0.09182783988 -0.01291232315)
(0.01560039335 0.09838825268 0.01060677958)
(-0.1089938267 0.07557445948 -0.004896342007)
(0.1334417947 0.04448462853 0.008339681912)
(0.0859586942 0.0233223393 0.03441501273)
(-0.02097577948 0.07916094635 -0.0104415614)
(0.1168932234 0.001017883793 0.002496455824)
(0.1699264163 -0.01637145762 -0.01818326489)
(-0.06214209708 0.0128040651 0.008349085987)
(-0.006956523794 0.003835951539 0.01152985809)
(-0.007831206711 0.01583085443 0.01483487833)
(0.0079148057 0.001126443985 -0.002312858095)
(-0.005104151837 0.007720577086 -0.003112513771)
(0.0620808971 -0.1598573586 0.03677405455)
(0.006577655116 0.006777491287 0.008439301466)
(-0.02502862749 0.03189794311 0.01750076378)
(0.1001898538 -0.1324108138 -0.04737863164)
(-0.008003497577 0.002871611307 0.007190008239)
(-0.01078287373 0.009750710057 0.002756633943)
(-0.02238817927 0.02264208243 -0.01987112739)
(0.04776249897 0.03039212194 0.01561525705)
(0.02844210698 0.006205859254 0.01894271684)
(-0.08074459382 -0.01495264939 -0.0460573174)
(-0.1059461508 0.04130694342 -0.04403767604)
(-0.01679696089 -0.08770022114 -0.01274274974)
(-0.008430736152 -0.006977724309 0.009907895964)
(-0.02207691639 -0.01823989905 0.02083995304)
(0.009061903305 -0.019303682 0.02045188126)
(0.01768021633 -0.04735443859 0.01727854759)
(0.01048095412 -0.005449155602 0.00966429867)
(0.007512096784 -0.001078617353 0.01365095863)
(-0.03864703881 -0.07502045816 -0.002492243762)
(-0.008109110102 -0.003006560509 0.01218186054)
(0.0003626190691 -0.008901587104 0.01381624587)
(0.09178730973 -0.03955763574 0.03690349524)
(0.02834068532 0.02891585975 -0.01315657444)
(0.0032550337 0.00640419583 0.0113378374)
(0.002726462977 0.002376535087 0.01664000544)
(0.008557313387 0.004623571835 0.01220215154)
(0.02200151176 0.00540410433 -0.01064130564)
(0.06269422615 0.01708458612 -0.0205942661)
(0.00292841595 -0.004544173143 0.02221790251)
(0.004982701641 -0.006535338761 0.01505679043)
(-0.01245142266 -0.002590063288 0.009873944568)
(-0.009420987319 -0.007786913708 0.01568529749)
(-0.03274450957 -0.1071003926 -0.005561640613)
(-0.01600951522 -0.05990795293 -0.01742288703)
(0.01312220908 -0.00162065785 0.01179773366)
(0.00919221066 -0.003465420301 0.00547381606)
(0.01852010822 -0.008342995823 0.01292076412)
(0.03681633839 -0.06048957343 -0.007579991612)
(-0.04739127993 -0.01650216195 0.01571561582)
(-0.02748323281 -0.01194603895 0.004308576765)
(-0.0124969961 -0.006954064693 0.007200941917)
(-0.1011056654 0.01567942756 -0.003041387186)
(-0.01627618205 0.006628176229 -0.003342522095)
(-0.01972484877 0.04977638494 -0.0417979355)
(-0.04081636514 0.04122896968 -0.01053382607)
(-0.008870096667 0.006685307751 -0.01309442488)
(-0.03174636019 0.01067491054 0.01040428151)
(-0.0004147896954 0.03835005272 0.02361017852)
(0.008580118343 0.006628593565 0.004829552448)
(-0.005893010966 0.01287835624 -0.001213900188)
(0.009892275638 0.003157565792 -0.00215002995)
(-0.01166519734 0.09083495188 0.01520967915)
(0.04500208897 0.1539814849 -0.0001947446004)
(-0.004496156141 -0.0003182120651 0.01481897017)
(0.01132239306 -0.007765657879 -0.001883019969)
(0.003721516687 -0.00726476015 -0.008120656273)
(0.00799670162 -0.004491808742 -0.001347627567)
(-0.01229174753 -0.000714541041 -0.003337877093)
(-0.01368779785 0.01321833375 -0.04224982189)
(-0.007802584683 -0.1442502071 0.02034064426)
(-0.008373057458 -0.1133091347 -0.01130209339)
(-0.01600943192 -0.0106815768 -0.01688492406)
(-0.01928615732 0.1771016587 -0.01034605442)
(-0.1303589339 -0.06284321019 0.009257509334)
(0.003900766608 0.006081332054 -0.008345544664)
(0.02269382466 0.07749300807 0.01980468156)
(0.01262814744 0.05892433274 0.04493880077)
(0.02415670148 -0.09731670709 -0.0060691826)
(0.01929681055 0.0118838077 0.0008607394572)
(-0.008178545168 -0.003747533329 -0.006121431735)
(0.06600301817 -0.1259708034 -0.01727751358)
(-0.01310165058 -0.1059229013 0.04551477877)
(0.01076769049 -0.01653467637 0.01098931504)
(0.01523776349 -0.007884190682 0.00183630279)
(-0.02117535002 -0.1150599044 0.01960536418)
(-0.004214057022 0.0005631950087 -0.01047735647)
(-0.01522077616 -0.001954026458 -0.01164189919)
(0.01409641138 0.006271915583 -0.003544702671)
(0.03498211649 0.005267367378 -7.710852036e-05)
(0.01625619515 0.005006649027 0.01022296198)
(0.03603329144 0.1099935579 0.01414698447)
(0.008692489244 -0.0007720307491 -0.006462030112)
(0.002387990782 0.004739697346 -0.02148615461)
(0.00863110163 0.004913646208 -0.005251078807)
(-0.03180162777 -0.02752236185 -0.01889341223)
(0.01171949069 -0.00137000171 -0.001451332858)
(0.01617140163 -0.006141065721 -0.008378569448)
(0.006461958689 -0.01140511728 -0.004516635252)
(-0.01008511443 0.001342150824 0.01713775116)
(-0.008951058714 0.09846920815 -0.005650339375)
(0.01153301862 0.005116037262 0.007568391575)
(-0.01813761614 0.0007967810064 0.007179413719)
(-0.01404932922 -0.0009844762807 0.0273966995)
(-0.004312203251 0.007957543183 -0.009708668756)
(-0.01898472447 -0.005906974749 0.001436608834)
(0.01485042112 0.008560785754 0.02212940233)
(0.01387583739 -0.0009865886596 0.006032049552)
(-0.01092642719 0.002865329711 0.008704480882)
(0.004509348541 0.009437545141 0.01551758939)
(0.02045212614 -0.0001771553899 -1.181621749e-05)
(0.0121920772 -0.0006988087242 0.01797754943)
(-0.01966901214 -0.006652695523 0.01348327164)
(-0.03142554358 0.002149292411 -0.006641528293)
(-0.009278133887 -0.001660456002 0.04912446214)
(-0.01493625415 0.004734966894 0.01544105918)
(0.008463976888 0.003270329094 0.00836326431)
(-0.002370685436 -0.007256624539 -0.02023197941)
(0.01869568546 0.1116411612 0.0006198638914)
(0.02204643271 -0.01524424533 0.0001630366067)
(-0.009598560486 0.007830180912 0.01208905941)
(-0.004286301597 -0.01275683602 0.02169457207)
(-0.00724507282 -0.01015092585 -0.01019153623)
(-0.005539569625 0.005307169522 0.009507391231)
(-0.0689366242 0.06891364488 0.004621689999)
(-0.1698435559 0.04566584819 -0.02196542415)
(-0.01537386532 0.009723140087 0.009600451063)
(-0.01518591969 0.004890468972 -0.0247744206)
(-0.1121289067 -0.1316584316 -0.04061561478)
(-0.03095887769 -0.04832411044 0.0196509834)
(-0.173757681 -0.006480274504 0.02317464833)
(0.009805381778 -0.006514846605 0.001597726526)
(0.01620268546 0.1302307964 0.02140190571)
(0.0864376155 -0.03168528153 -0.05131879668)
(-0.01857164975 0.1384276469 0.0207165856)
(0.004303506403 -0.00132206429 -0.004152776376)
(0.003817991281 -0.02611466659 -0.008439421826)
(-0.07476873255 -0.07090655458 0.04942861025)
(0.08590318694 0.1310306207 -0.04347190312)
(-0.06686059596 0.01257043214 0.03586757891)
(-0.1574665509 0.07443854757 0.0425772384)
(-0.007269789484 0.002676217408 0.009567490778)
(-0.03852112639 0.1724223506 0.02551950482)
(0.1317996521 -0.08491083549 0.04972304527)
(-0.01013179549 -0.005229098894 0.005314032807)
(0.04511015116 0.1724915765 -0.05051606133)
(0.0908494767 0.133846622 0.0478874251)
(-0.008843672863 0.1679401037 -0.05174619284)
(-0.00226427179 0.005832449813 0.01320853121)
(0.006406429455 0.0002475687892 -0.0113798618)
(-0.1057004677 0.006363911397 0.04228431577)
(-0.001583511169 -0.005769938189 0.0185881611)
(0.01073106258 0.0009408016738 0.01004864319)
(0.006430259066 -0.005728073815 0.004351509303)
(-0.01375106033 0.002290116498 0.003333018456)
(-0.007686350063 -0.005157208622 0.008416798051)
(-0.009401271253 0.006174573695 0.007655854883)
(-0.01546278271 0.01715358546 0.02726268636)
(0.06263433193 0.1211916766 0.03280025004)
(-0.006854908479 0.005519335362 0.006894754519)
(0.06107031245 -0.1476585322 -0.0464748099)
(0.01850445207 -0.1056574028 0.02928940249)
(-0.008337440733 -0.0054646284 -0.001834149577)
(0.01357110088 0.005762958319 -0.04638801201)
(-0.00483948978 0.002035330097 -0.002744077097)
(0.1568650198 0.08777048275 0.01956939535)
(0.08534458098 0.1564355825 -0.03064483477)
(0.08476960404 -0.1192314422 0.04815221547)
(-0.1529511983 0.09243571601 -0.008222653128)
(0.0250291602 0.05731928158 -0.02693541467)
(0.01855791844 -0.1774310493 0.01240651001)
(0.003713615933 -0.01504797713 0.01453824496)
(0.0001539250789 -0.1328042283 -0.02213403615)
(0.1061838962 0.09250110259 0.02443144309)
(-0.1355511172 0.05681773617 0.02497097608)
(-0.1723125825 -0.03468954461 0.02054063387)
(0.03268111873 -0.1570000954 -0.04397714592)
(-0.1722635574 -0.04415813001 0.04866318842)
(0.001323572685 0.009031380728 -0.003015090212)
(-0.002842507498 -0.003541531198 0.00994077883)
(0.1730883642 -0.04592267173 -0.009589160971)
(0.0598638963 -0.002202927523 0.0205764249)
(0.05807412463 -0.04020154776 -0.05135668751)
(-0.02716924893 -0.001439253666 0.02485838528)
(0.1272014245 -0.06018712341 -0.01649363678)
(0.006667176746 0.08398904187 0.04044074229)
(0.007217007285 0.02548472992 -0.02409665879)
(-0.05654445851 -0.1156113434 -0.03832182382)
(-0.1026410094 -0.03644779639 -0.052011754)
(-0.02653236533 0.1109830269 -0.0224879759)
(0.04406729951 -0.05789163368 0.02624088162)
(-0.1604158591 -0.01405974504 -0.0470131127)
(0.01143165198 0.08436845125 0.008345966656)
(-0.07621272895 0.160591461 -0.01911161356)
(-0.1633225288 0.06072708882 -0.04084128406)
(-0.007763562325 0.1201140927 -0.003544224266)
(-0.07347891141 0.1627422947 -0.05278074862)
(-0.02160723896 0.1185226144 -0.05089053918)
(0.01289925196 0.1614023448 -0.05050920484)
(-0.001440574696 0.1086450245 0.0206390864)
(0.007632714518 -0.00474759583 0.007169563648)
(0.008070695546 0.003442977733 0.006579220056)
(0.02550631663 0.1071853072 0.03784562317)
(0.007054459405 -0.0009216864441 0.008994567857)
(-0.1050004417 -0.07151224092 0.05160585634)
(0.04174701593 0.1132822572 -0.02179386528)
(0.0141128355 0.002162581531 -0.007808723055)
(-0.04875120544 -0.04121189043 0.04641461704)
(0.006993708629 -0.006598117743 0.0006913984391)
(-0.03247800398 0.1203837137 0.0439058003)
(0.03553726672 -0.1149383656 0.04686508301)
(0.01701357177 -0.0003351191386 -0.02120416756)
(0.05030564725 -0.1221076087 0.01593613734)
(-0.0158915986 -0.09326365494 0.0044433048)
(0.1412892485 0.1128737827 -0.05455327326)
(-0.01083602126 0.009438281772 -0.003715346898)
(-0.03480817329 0.06028758215 0.048355164)
(-0.00309513564 -0.01066229558 0.0128118626)
(0.06835808389 -0.1174593 -0.04427097129)
(-0.03818777359 -0.01693472626 -0.05280989288)
(-0.05146783267 -0.1691649913 -0.01412328696)
(-0.03646593416 -0.1728647451 0.01585724374)
(-0.008389806817 0.001143191743 0.008406478792)
(-0.002675263708 -0.1769389391 -0.0504857548)
(-0.006027644846 -0.007842374264 0.01219119469)
(0.006078106511 -0.1043915602 -0.02435495298)
(0.008383835556 0.001219136987 0.007553105073)
(-0.006987577259 0.005604999183 0.003606229182)
(0.08219730086 -0.1558894208 0.0266064685)
(-0.03440236578 0.008264010225 -0.04571482583)
(0.06102309959 0.01819335243 -0.04824928403)
(-0.0440940488 -0.1736950103 0.05343446535)
(0.03066456151 -0.007973128137 -0.04861705737)
(-0.01922692822 -0.008269782448 -0.005982737676)
(0.1753958066 0.03046810238 -0.01451190547)
(-0.1518989048 0.09422853521 -0.04997456665)
(0.1297392647 0.002641249422 0.04791845413)
(-0.04611132003 0.09035122048 0.04718848656)
(0.1737540382 0.03372301404 0.02716886934)
(-0.1078697602 0.1407611815 0.05270832992)
(0.03292115124 0.1453345025 -0.04238064933)
(0.00701969196 0.002239778419 0.008859547383)
(0.1530392189 0.06991065308 0.03573777794)
(0.06567228362 0.06781571467 -0.03859204713)
(-0.009200246776 0.0009407311468 0.01185407458)
(0.02941898266 0.009925083844 -0.02871727341)
(0.001338490182 0.1368802067 0.04382662698)
(-0.00296734766 0.01363366301 0.02261765945)
(-0.01648491226 0.0143826484 -0.007342521258)
(0.08990591913 -0.1495194327 0.0460803636)
(0.0776599437 0.007608500393 -0.05154003484)
(-0.001853171597 0.01013890387 0.0151516167)
(-0.1905 -2.332952152e-17 -0.0635)
(-0.1901240918 -0.01196159397 -0.0635)
(-0.1889978506 -0.02387598099 -0.0635)
(-0.1871257213 -0.03569614043 -0.0635)
(-0.1845150922 -0.0473754235 -0.0635)
(-0.1811762664 -0.05886773743 -0.0635)
(-0.1771224206 -0.07012772729 -0.0635)
(-0.1723695535 -0.08111095504 -0.0635)
(-0.1669364225 -0.09177407492 -0.0635)
(-0.1608444698 -0.1020750044 -0.0635)
(-0.1541177374 -0.1119730906 -0.0635)
(-0.1467827727 -0.12142927 -0.0635)
(-0.1388685235 -0.1304062237 -0.0635)
(-0.1304062237 -0.1388685235 -0.0635)
(-0.12142927 -0.1467827727 -0.0635)
(-0.1119730906 -0.1541177374 -0.0635)
(-0.1020750044 -0.1608444698 -0.0635)
(-0.09177407492 -0.1669364225 -0.0635)
(-0.08111095504 -0.1723695535 -0.0635)
(-0.07012772729 -0.1771224206 -0.0635)
(-0.05886773743 -0.1811762664 -0.0635)
(-0.0473754235 -0.1845150922 -0.0635)
(-0.03569614043 -0.1871257213 -0.0635)
(-0.02387598099 -0.1889978506 -0.0635)
(-0.01196159397 -0.1901240918 -0.0635)
(-1.998327254e-16 -0.1905 -0.0635)
(0.01196159397 -0.1901240918 -0.0635)
(0.02387598099 -0.1889978506 -0.0635)
(0.03569614043 -0.1871257213 -0.0635)
(0.0473754235 -0.1845150922 -0.0635)
(0.05886773743 -0.1811762664 -0.0635)
(0.07012772729 -0.1771224206 -0.0635)
(0.08111095504 -0.1723695535 -0.0635)
(0.09177407492 -0.1669364225 -0.0635)
(0.1020750044 -0.1608444698 -0.0635)
(0.1119730906 -0.1541177374 -0.0635)
(0.12142927 -0.1467827727 -0.0635)
(0.1304062237 -0.1388685235 -0.0635)
(0.1388685235 -0.1304062237 -0.0635)
(0.1467827727 -0.12142927 -0.0635)
(0.1541177374 -0.1119730906 -0.0635)
(0.1608444698 -0.1020750044 -0.0635)
(0.1669364225 -0.09177407492 -0.0635)
(0.1723695535 -0.08111095504 -0.0635)
(0.1771224206 -0.07012772729 -0.0635)
(0.1811762664 -0.05886773743 -0.0635)
(0.1845150922 -0.0473754235 -0.0635)
(0.1871257213 -0.03569614043 -0.0635)
(0.1889978506 -0.02387598099 -0.0635)
(0.1901240918 -0.01196159397 -0.0635)
(0.1905 -1.144917494e-16 -0.0635)
(0.1901240918 0.01196159397 -0.0635)
(0.1889978506 0.02387598099 -0.0635)
(0.1871257213 0.03569614043 -0.0635)
(0.1845150922 0.0473754235 -0.0635)
(0.1811762664 0.05886773743 -0.0635)
(0.1771224206 0.07012772729 -0.0635)
(0.1723695535 0.08111095504 -0.0635)
(0.1669364225 0.09177407492 -0.0635)
(0.1608444698 0.1020750044 -0.0635)
(0.1541177374 0.1119730906 -0.0635)
(0.1467827727 0.12142927 -0.0635)
(0.1388685235 0.1304062237 -0.0635)
(0.1304062237 0.1388685235 -0.0635)
(0.12142927 0.1467827727 -0.0635)
(0.1119730906 0.1541177374 -0.0635)
(0.1020750044 0.1608444698 -0.0635)
(0.09177407492 0.1669364225 -0.0635)
(0.08111095504 0.1723695535 -0.0635)
(0.07012772729 0.1771224206 -0.0635)
(0.05886773743 0.1811762664 -0.0635)
(0.0473754235 0.1845150922 -0.0635)
(0.03569614043 0.1871257213 -0.0635)
(0.02387598099 0.1889978506 -0.0635)
(0.01196159397 0.1901240918 -0.0635)
(1.166476076e-17 0.1905 -0.0635)
(-0.01196159397 0.1901240918 -0.0635)
(-0.02387598099 0.1889978506 -0.0635)
(-0.03569614043 0.1871257213 -0.0635)
(-0.0473754235 0.1845150922 -0.0635)
(-0.05886773743 0.1811762664 -0.0635)
(-0.07012772729 0.1771224206 -0.0635)
(-0.08111095504 0.1723695535 -0.0635)
(-0.09177407492 0.1669364225 -0.0635)
(-0.1020750044 0.1608444698 -0.0635)
(-0.1119730906 0.1541177374 -0.0635)
(-0.12142927 0.1467827727 -0.0635)
(-0.1304062237 0.1388685235 -0.0635)
(-0.1388685235 0.1304062237 -0.0635)
(-0.1467827727 0.12142927 -0.0635)
(-0.1541177374 0.1119730906 -0.0635)
(-0.1608444698 0.1020750044 -0.0635)
(-0.1669364225 0.09177407492 -0.0635)
(-0.1723695535 0.08111095504 -0.0635)
(-0.1771224206 0.07012772729 -0.0635)
(-0.1811762664 0.05886773743 -0.0635)
(-0.1845150922 0.0473754235 -0.0635)
(-0.1871257213 0.03569614043 -0.0635)
(-0.1889978506 0.02387598099 -0.0635)
(-0.1901240918 0.01196159397 -0.0635)
(-0.1905 2.332952152e-17 0.0635)
(-0.1901240918 0.01196159397 0.0635)
(-0.1889978506 0.02387598099 0.0635)
(-0.1871257213 0.03569614043 0.0635)
(-0.1845150922 0.0473754235 0.0635)
(-0.1811762664 0.05886773743 0.0635)
(-0.1771224206 0.07012772729 0.0635)
(-0.1723695535 0.08111095504 0.0635)
(-0.1669364225 0.09177407492 0.0635)
(-0.1608444698 0.1020750044 0.0635)
(-0.1541177374 0.1119730906 0.0635)
(-0.1467827727 0.12142927 0.0635)
(-0.1388685235 0.1304062237 0.0635)
(-0.1304062237 0.1388685235 0.0635)
(-0.12142927 0.1467827727 0.0635)
(-0.1119730906 0.1541177374 0.0635)
(-0.1020750044 0.1608444698 0.0635)
(-0.09177407492 0.1669364225 0.0635)
(-0.08111095504 0.1723695535 0.0635)
(-0.07012772729 0.1771224206 0.0635)
(-0.05886773743 0.1811762664 0.0635)
(-0.0473754235 0.1845150922 0.0635)
(-0.03569614043 0.1871257213 0.0635)
(-0.02387598099 0.1889978506 0.0635)
(-0.01196159397 0.1901240918 0.0635)
(-1.998327254e-16 0.1905 0.0635)
(0.01196159397 0.1901240918 0.0635)
(0.02387598099 0.1889978506 0.0635)
(0.03569614043 0.1871257213 0.0635)
(0.0473754235 0.1845150922 0.0635)
(0.05886773743 0.1811762664 0.0635)
(0.07012772729 0.1771224206 0.0635)
(0.08111095504 0.1723695535 0.0635)
(0.09177407492 0.1669364225 0.0635)
(0.1020750044 0.1608444698 0.0635)
(0.1119730906 0.1541177374 0.0635)
(0.12142927 0.1467827727 0.0635)
(0.1304062237 0.1388685235 0.0635)
(0.1388685235 0.1304062237 0.0635)
(0.1467827727 0.12142927 0.0635)
(0.1541177374 0.1119730906 0.0635)
(0.1608444698 0.1020750044 0.0635)
(0.1669364225 0.09177407492 0.0635)
(0.1723695535 0.08111095504 0.0635)
(0.1771224206 0.07012772729 0.0635)
(0.1811762664 0.05886773743 0.0635)
(0.1845150922 0.0473754235 0.0635)
(0.1871257213 0.03569614043 0.0635)
(0.1889978506 0.02387598099 0.0635)
(0.1901240918 0.01196159397 0.0635)
(0.1905 1.144917494e-16 0.0635)
(0.1901240918 -0.01196159397 0.0635)
(0.1889978506 -0.02387598099 0.0635)
(0.1871257213 -0.03569614043 0.0635)
(0.1845150922 -0.0473754235 0.0635)
(0.1811762664 -0.05886773743 0.0635)
(0.1771224206 -0.07012772729 0.0635)
(0.1723695535 -0.08111095504 0.0635)
(0.1669364225 -0.09177407492 0.0635)
(0.1608444698 -0.1020750044 0.0635)
(0.1541177374 -0.1119730906 0.0635)
(0.1467827727 -0.12142927 0.0635)
(0.1388685235 -0.1304062237 0.0635)
(0.1304062237 -0.1388685235 0.0635)
(0.12142927 -0.1467827727 0.0635)
(0.1119730906 -0.1541177374 0.0635)
(0.1020750044 -0.1608444698 0.0635)
(0.09177407492 -0.1669364225 0.0635)
(0.08111095504 -0.1723695535 0.0635)
(0.07012772729 -0.1771224206 0.0635)
(0.05886773743 -0.1811762664 0.0635)
(0.0473754235 -0.1845150922 0.0635)
(0.03569614043 -0.1871257213 0.0635)
(0.02387598099 -0.1889978506 0.0635)
(0.01196159397 -0.1901240918 0.0635)
(1.166476076e-17 -0.1905 0.0635)
(-0.01196159397 -0.1901240918 0.0635)
(-0.02387598099 -0.1889978506 0.0635)
(-0.03569614043 -0.1871257213 0.0635)
(-0.0473754235 -0.1845150922 0.0635)
(-0.05886773743 -0.1811762664 0.0635)
(-0.07012772729 -0.1771224206 0.0635)
(-0.08111095504 -0.1723695535 0.0635)
(-0.09177407492 -0.1669364225 0.0635)
(-0.1020750044 -0.1608444698 0.0635)
(-0.1119730906 -0.1541177374 0.0635)
(-0.12142927 -0.1467827727 0.0635)
(-0.1304062237 -0.1388685235 0.0635)
(-0.1388685235 -0.1304062237 0.0635)
(-0.1467827727 -0.12142927 0.0635)
(-0.1541177374 -0.1119730906 0.0635)
(-0.1608444698 -0.1020750044 0.0635)
(-0.1669364225 -0.09177407492 0.0635)
(-0.1723695535 -0.08111095504 0.0635)
(-0.1771224206 -0.07012772729 0.0635)
(-0.1811762664 -0.05886773743 0.0635)
(-0.1845150922 -0.0473754235 0.0635)
(-0.1871257213 -0.03569614043 0.0635)
(-0.1889978506 -0.02387598099 0.0635)
(-0.1901240918 -0.01196159397 0.0635)
(0.007500000002 -1.538275714e-12 -0.0006300081369)
(0.006500001443 -5.322629749e-08 -0.00163000814)
(0.007207106782 0 -0.00133711492)
(-0.00650000072 5.323110067e-08 -0.00163000814)
(-0.003250046097 -0.005629138508 -0.001630008142)
(0.003249953902 -0.005629191737 -0.001630008142)
(-0.007500000002 -3.367244413e-13 -0.0006300081369)
(-0.007207106782 0 -0.00133711492)
(-0.00375 -0.006495190528 -0.0006300081378)
(0.003749999999 -0.006495190529 -0.0006300081378)
(0.007221432739 0.002025069999 0.00493673922)
(0.0037331149 0.127 0.002608445272)
(0.01016677958 0.02486372917 -0.006982626354)
(0.01659608311 0.0500525284 -0.006326964537)
(0.01551244189 0.07600955772 -0.002562576242)
(0.01026434107 0.1016114849 0.0004721669201)
(-0.004990249284 0.005598875994 0.005674881491)
(-0.003173145715 0.1048337288 0.004232453519)
(-0.004971403152 0.07999488988 0.005174825737)
(-0.005644221439 0.05511472913 0.006355039423)
(-0.003422455861 0.0257508955 0.006911240376)
(-0.002282539202 0.00714424684 0.003176854411)
(0.001856382453 0.007266624908 0.002253161219)
(0.005470013096 0.005131083815 0.002641529673)
(-0.003920334347 0.006393822812 0.004174346099)
(-0.004607191362 0.005918090111 0.004808682511)
(-0.004906284784 0.005672598677 0.005156180568)
(0.003750000001 0.006495190528 -0.0006300081378)
(-0.00375 0.006495190529 -0.0006300081378)
(0.003250046096 0.005629138509 -0.001630008142)
(-0.003249953901 0.005629191738 -0.001630008142)
(0.007500000002 -1.538275714e-12 0.007369991861)
(0.006500001443 -5.322629749e-08 0.008369991864)
(0.007207106782 0 0.008077098644)
(-0.007500000002 -3.367244413e-13 0.007369991861)
(-0.003750000002 -0.006495190531 0.00736999186)
(0.003750000001 -0.006495190532 0.00736999186)
(-0.00650000072 5.323110067e-08 0.008369991864)
(-0.007207106782 0 0.008077098644)
(-0.003250046097 -0.005629138508 0.008369991866)
(0.003249953902 -0.005629191737 0.008369991866)
(-0.003249953901 0.005629191738 0.008369991866)
(0.003250046096 0.005629138509 0.008369991866)
(0.003750000003 0.006495190531 0.00736999186)
(-0.003750000002 0.006495190532 0.00736999186)
(-0.007221432739 -0.002025069999 0.004936739222)
(-0.0037331149 -0.127 0.002608445272)
(-0.01016677958 -0.02486372917 -0.006982626353)
(-0.01659608311 -0.0500525284 -0.006326964537)
(-0.01551244189 -0.07600955772 -0.002562576242)
(-0.01026434107 -0.1016114849 0.0004721669201)
(0.004990249294 -0.005598875985 0.005674881486)
(0.003173145715 -0.1048337288 0.004232453519)
(0.004971403152 -0.07999488988 0.005174825737)
(0.005644221439 -0.05511472913 0.006355039423)
(0.003398339914 -0.02515588986 0.006851576756)
(0.002282539192 -0.007144246844 0.003176854407)
(-0.001856382461 -0.007266624906 0.002253161218)
(-0.005470013099 -0.005131083812 0.002641529674)
(0.003920334345 -0.006393822814 0.004174346097)
(0.004605356527 -0.005919518001 0.004806723784)
(0.004906284783 -0.005672598678 0.005156180566)
(0.005331122783 0.005275323267 0.004311581765)
(0.002092836137 0.007202085592 0.00505354809)
(-0.001110292709 0.007417401225 0.005950409398)
(0.006501672197 0.003738749898 0.004434832949)
(0.006920381646 0.002891075453 0.004657857391)
(-0.00533112278 -0.00527532327 0.004311581766)
(-0.00209283613 -0.007202085594 0.005053548092)
(0.001624811844 -0.00732174028 0.006043991572)
(-0.006501672195 -0.0037387499 0.004434832949)
(-0.006920381645 -0.002891075455 0.004657857391)
(0.008284376652 0.004395533369 0.003298888267)
(-0.008284376651 -0.004395533367 0.003298888268)
(-0.005629191738 -0.0032499539 -0.001630008142)
(-0.006278531671 -0.001682272282 -0.001630008142)
(-5.322869021e-08 -0.006499999998 -0.001630008142)
(0.005629138509 -0.003250046095 -0.001630008142)
(0.006278504143 -0.001682375019 -0.001630008142)
(-0.006495190528 -0.00375 -0.0006300081378)
(-0.007244443697 -0.001941142838 -0.0006300081378)
(-6.007754705e-13 -0.0075 -0.0006300081378)
(0.006495190528 -0.003750000001 -0.0006300081378)
(0.007244443697 -0.001941142839 -0.0006300081378)
(0.00659463297 0.003572227179 0.003589703935)
(0.006495190529 0.003749999999 -0.0006300081378)
(0.007244443698 0.001941142837 -0.0006300081378)
(6.007762613e-13 0.0075 -0.0006300081378)
(-0.006495190528 0.00375 -0.0006300081378)
(-0.007244443697 0.001941142838 -0.0006300081378)
(0.005629191736 0.003249953903 -0.001630008142)
(0.006278531695 0.001682272193 -0.001630008142)
(5.322869021e-08 0.006499999998 -0.001630008142)
(-0.005629138508 0.003250046098 -0.001630008142)
(-0.006278504117 0.001682375116 -0.001630008142)
(-0.006495190532 -0.003750000002 0.00736999186)
(-0.007244443701 -0.00194114284 0.00736999186)
(-0.005629191738 -0.0032499539 0.008369991866)
(-0.006278531671 -0.001682272282 0.008369991866)
(0.005629191736 0.003249953903 0.008369991866)
(0.006278531695 0.001682272193 0.008369991866)
(0.006495190532 0.003750000001 0.00736999186)
(0.007244443701 0.001941142838 0.00736999186)
(-0.006594632972 -0.003572227177 0.003589703938)
(0.007500000002 -1.538275714e-12 0.003369991862)
(0.007500000002 -1.538275714e-12 0.001369991863)
(0.007500000002 -1.538275714e-12 0.005369991862)
(-0.007500000002 -3.367244413e-13 0.003369991862)
(-0.007500000002 -3.367244413e-13 0.005369991862)
(-0.007500000002 -3.367244413e-13 0.001369991863)
(0.007767114465 0.003207716779 0.004113257715)
(0.01051676709 0.0143067031 -0.002499623118)
(0.009878918696 0.009251642 0.0002183501211)
(-0.007767114465 -0.003207716778 0.004113257716)
(-0.01051676709 -0.0143067031 -0.002499623117)
(-0.009878918695 -0.009251641999 0.0002183501221)
(-0.009519950051 -0.1048303731 0.0007835735938)
(-0.004091569116 -0.1054490032 0.003440518454)
(-0.004843112281 -0.09101169149 0.003574295719)
(-0.005577319486 -0.0781632545 0.003489979792)
(-0.004957314203 -0.06559905403 0.003879986407)
(-0.005227248155 -0.05257895701 0.003443170129)
(-0.004961700612 -0.04002008405 0.002762148563)
(-0.004128829037 -0.02528970723 0.001881476064)
(-0.007428345727 -0.004376970086 0.003750585545)
(0.009519950051 0.1048303731 0.0007835735938)
(0.004091569116 0.1054490032 0.003440518454)
(0.004843112281 0.09101169149 0.003574295719)
(0.005577319486 0.0781632545 0.003489979792)
(0.004957314203 0.06559905403 0.003879986407)
(0.005227248155 0.05257895701 0.003443170129)
(0.004961700612 0.04002008405 0.002762148563)
(0.004128829038 0.02528970723 0.001881476063)
(0.007428345728 0.004376970086 0.003750585544)
(-0.003664786261 -0.1048320056 0.001829983825)
(-0.004869289879 -0.09081857805 0.001082226078)
(-0.004801045186 -0.07560311756 0.000469895551)
(-0.006217218328 -0.05257978305 -0.001246663369)
(-0.004070482188 -0.02966680941 -0.001887785675)
(0.002034249705 -0.01664455354 0.003826840244)
(0.004658431064 -0.005997359342 0.004881926433)
(0.003664786261 0.1048320056 0.001829983825)
(0.004869289879 0.09081857805 0.001082226078)
(0.004801045186 0.07560311756 0.000469895551)
(0.006217218328 0.05257978305 -0.001246663369)
(0.004070482188 0.02966680941 -0.001887785675)
(-0.002034249705 0.01664455354 0.003826840245)
(-0.004658431064 0.005997359342 0.004881926433)
(0.007076913207 0.001543382718 0.008039001028)
(0.006484948601 0.003170940366 0.008065327086)
(-0.005629138508 0.003250046098 0.008369991866)
(5.322869021e-08 0.006499999998 0.008369991866)
(-0.006278504117 0.001682375116 0.008369991866)
(0.005514676814 0.004756158241 0.007992824006)
(-0.006896896747 0.001818392854 0.008144484607)
(6.007755143e-13 0.007500000004 0.00736999186)
(-0.002071701644 0.006888782709 0.008090392775)
(-0.006229249054 0.003730775294 0.008018735094)
(0.00232668326 0.006579063325 0.008248154876)
(-0.00707727935 -0.001192768464 0.008105894727)
(-0.006484948598 -0.003170940369 0.008065327087)
(0.005629138509 -0.003250046095 0.008369991866)
(-5.32286902e-08 -0.006499999998 0.008369991866)
(0.006278504143 -0.001682375019 0.008369991866)
(-0.005043072575 -0.004888773297 0.008221880459)
(0.006982321635 -0.001554124764 0.008127186391)
(-6.007728871e-13 -0.007500000004 0.00736999186)
(0.002071701644 -0.006888782709 0.008090392775)
(0.006290790252 -0.00359947965 0.008033939943)
(-0.0008786887149 -0.007007303672 0.008197006176)
(-0.002842258092 -0.006348484014 0.00826012831)
(0.006961524459 0.001864960644 -0.00133721808)
(0.006420940029 0.003337576821 -0.001306373634)
(-0.006420917085 0.003337621104 -0.001306373562)
(0.005097154489 0.005037388888 -0.001375666053)
(0.001863894437 0.006917274804 -0.001377747084)
(-0.001864051927 0.006917256301 -0.001377726561)
(-0.005097132775 0.005037417542 -0.001375661855)
(-0.006961524459 -0.001864960644 -0.00133721808)
(-0.006420940029 -0.003337576821 -0.001306373634)
(0.006420917085 -0.003337621104 -0.001306373562)
(-0.005097154489 -0.005037388888 -0.001375666053)
(-0.001863894437 -0.006917274804 -0.001377747084)
(0.001864051928 -0.006917256301 -0.001377726561)
(0.005097132775 -0.005037417541 -0.001375661855)
(0.007145659551 -0.002278058292 0.002940805518)
(0.006478785707 -0.003778271532 0.004700111787)
(0.005328145531 -0.005278339246 0.002908475005)
(0.005429372283 -0.005174158541 0.004667442564)
(-0.007109163483 0.002389517645 0.003456618392)
(-0.006478785707 0.003778271532 0.004700111789)
(-0.005318306449 0.00528825269 0.002701927697)
(-0.005429372283 0.005174158541 0.004667442566)
(0.00331716323 0.001622477951 -0.001630008138)
(-0.003217119484 0.0005293045362 -0.001630008138)
(0.001715362996 -0.00293413841 -0.001630008138)
(0.00331716323 0.001622477951 0.008369991862)
(-0.003217119484 0.0005293045362 0.008369991862)
(0.001715362996 -0.00293413841 0.008369991862)
(-0.1496788875 0.1178409125 -0.04912115071)
(-0.1496788875 -0.1178409125 0.04912115071)
(-0.1647165091 -0.09570121024 -0.04901881902)
(-0.1647165091 0.09570121024 0.04901881902)
(-0.0786591364 -0.1735021333 -0.05112688607)
(-0.0786591364 0.1735021333 0.05112688607)
(-0.05473460771 0.1824674566 -0.04861561246)
(-0.05473460771 -0.1824674566 0.04861561246)
(0.1575588494 -0.1070768835 -0.04560654651)
(0.1575588494 0.1070768835 0.04560654651)
(-0.1751537273 0.07490942413 -0.04864936333)
(-0.1751537273 -0.07490942413 0.04864936333)
(-0.1449856218 -0.1235694925 -0.04842431009)
(-0.1449856218 0.1235694925 0.04842431009)
(0.1428961588 0.1259799103 -0.04560654651)
(0.1428961588 -0.1259799103 0.04560654651)
(0.1697367429 0.0864851902 -0.04560654651)
(0.1103719129 0.1552684477 -0.05094474789)
(0.1697367429 -0.0864851902 0.04560654651)
(0.1103719129 -0.1552684477 0.05094474789)
(-0.1881546289 0.02980076559 -0.04560654651)
(-0.1881546289 -0.02980076559 0.04560654651)
(0.1774102152 -0.06939643757 -0.04812216278)
(0.1774102152 0.06939643757 0.04812216278)
(-0.1888022059 -0.02537670267 -0.04113318314)
(-0.1888022059 0.02537670267 0.04113318314)
(0.07565667317 -0.1748322562 -0.04560654651)
(0.07565667317 0.1748322562 0.04560654651)
(0.02470174993 0.1888916979 -0.05027872876)
(0.02470174993 -0.1888916979 0.05027872876)
(0.1904059997 0.005983749604 -0.04560654651)
(0.1904059997 -0.005983749604 0.04560654651)
(0.1259799103 -0.1428961588 -0.04560654651)
(0.1259799103 0.1428961588 0.04560654651)
(0.06908457839 0.1775318874 -0.05062568768)
(0.06908457839 -0.1775318874 0.05062568768)
(-0.03511227765 -0.1872361556 -0.05032118955)
(-0.03511227765 0.1872361556 0.05032118955)
(0.1834840524 0.05122355447 -0.04801333975)
(0.1838115064 -0.05003578824 0.04915291011)
(0.187831263 -0.03177525201 -0.04801333975)
(0.187831263 0.03177525201 0.04801333975)
(-0.01792763369 0.1896545543 -0.04560654651)
(-0.01792763369 -0.1896545543 0.04560654651)
(0.04155628749 -0.1859121431 -0.04560654651)
(0.04155628749 0.1859121431 0.04560654651)
(-0.1249648003 -0.1437847304 -0.04877556904)
(-0.1249648003 0.1437847304 0.04877556904)
(-0.1167587937 0.1505245299 -0.04560654651)
(-0.1167587937 -0.1505245299 0.04560654651)
(-0.08827449076 0.1688131046 -0.05046375899)
(-0.08827449076 -0.1688131046 0.05046375899)
(-0.183683408 -0.05050401588 -0.04765088806)
(-0.183683408 0.05050401588 0.04765088806)
(0.1636184665 0.09756663066 -0.04164111499)
(0.1636184665 -0.09756663066 0.04164111499)
(0.1279478543 0.141136801 -0.04597490318)
(0.1279478543 -0.141136801 0.04597490318)
(0.1472738324 -0.1208332251 -0.03946621441)
(0.1472738324 0.1208332251 0.03946621441)
(-0.09428514793 -0.1655311478 -0.04811913785)
(-0.09428514793 0.1655311478 0.04811913785)
(0.189460565 0.01987320537 -0.04423103559)
(0.1896405908 -0.01807474314 0.04244401763)
(0.1524778237 0.1141961613 -0.04015154982)
(0.1524778237 -0.1141961613 0.04015154982)
(-0.06242023602 -0.1799832329 -0.04243501532)
(-0.06242023602 0.1799832329 0.04243501532)
(0.1872506192 0.03503506239 -0.0433465333)
(0.1872639388 -0.03496379882 0.04314333009)
(0.1839764425 -0.04942589017 -0.04482612515)
(0.1839965929 0.04935082371 0.04486332724)
(0.02268203971 -0.1891448521 -0.04010915224)
(0.02268203971 0.1891448521 0.04010915224)
(-0.06919910665 0.1774872774 -0.04206149723)
(-0.06919910665 -0.1774872774 0.04206149723)
(0.09274454234 -0.1663992183 -0.04770005484)
(0.09274454234 0.1663992183 0.04770005484)
(0.002805435436 0.1904793415 -0.04418700283)
(0.002805435436 -0.1904793415 0.04418700283)
(0.09524960403 0.164978068 -0.04255793381)
(0.09524960403 -0.164978068 0.04255793381)
(0.1110738087 -0.1547671122 -0.04770005484)
(0.1110738087 0.1547671122 0.04770005484)
(-0.1104496955 -0.1552131269 -0.04065625563)
(-0.1104496955 0.1552131269 0.04065625563)
(-0.1323186742 0.1370475043 -0.04459541078)
(-0.1323186742 -0.1370475043 0.04459541078)
(-0.1034413846 0.1599691532 -0.04058447319)
(-0.1034413846 -0.1599691532 0.04058447319)
(-0.1814471163 0.05802752768 -0.04465473105)
(-0.1814471163 -0.05802752768 0.04465473105)
(-0.1785465959 -0.06641809303 -0.04142966025)
(-0.1785465959 0.06641809303 0.04142966025)
(-0.1543693726 -0.1116259235 -0.03201737002)
(-0.1543693726 0.1116259235 0.03201737002)
(-0.1723930885 0.08106092177 -0.03454401243)
(-0.1723930885 -0.08106092177 0.03454401243)
(0.1630618217 -0.09849412317 -0.03247889421)
(0.1748005334 0.07572993805 -0.03095491072)
(0.1630618217 0.09849412317 0.03247889421)
(0.1748005334 -0.07572993805 0.03095491072)
(0.1366508123 0.1327283146 -0.03449278479)
(0.1366508123 -0.1327283146 0.03449278479)
(-0.1865716414 -0.03848730491 -0.03318571792)
(-0.1865716414 0.03848730491 0.03318571792)
(-0.08567585004 -0.1701466976 -0.03272208433)
(-0.08567585004 0.1701466976 0.03272208433)
(0.1904084908 -0.005903950653 -0.03095491072)
(0.1904084908 0.005903950653 0.03095491072)
(0.06460468601 -0.1792107266 -0.03095491072)
(0.06460468601 0.1792107266 0.03095491072)
(0.1849447052 0.04566953038 -0.03219186507)
(0.1846911427 -0.04668438524 0.03031921987)
(-0.003195190576 -0.1904732022 -0.0327258582)
(0.04081257793 0.1860768215 -0.03983709186)
(-0.04453545781 0.1852210652 -0.03628278765)
(-0.003195190576 0.1904732022 0.0327258582)
(0.04081257793 -0.1860768215 0.03983709186)
(-0.04453545781 -0.1852210652 0.03628278765)
(0.1870358974 -0.03616383651 -0.03031727587)
(0.1871092462 0.03578239764 0.03050328632)
(-0.04889178603 -0.1841191007 -0.03252214065)
(-0.04889178603 0.1841191007 0.03252214065)
(0.117085732 0.1502703609 -0.03533043668)
(0.117085732 -0.1502703609 0.03533043668)
(0.03921061891 -0.1864209681 -0.0272984471)
(-0.005271031874 0.1904270627 -0.03185972223)
(0.03921061891 0.1864209681 0.0272984471)
(-0.005271031874 -0.1904270627 0.03185972223)
(-0.1351214561 -0.1342849288 -0.03487791578)
(0.1155409663 -0.151461332 -0.03486427678)
(-0.1351214561 0.1342849288 0.03487791578)
(0.1155409663 0.151461332 0.03486427678)
(0.1347177098 -0.1346899724 -0.02826503239)
(0.1347177098 0.1346899724 0.02826503239)
(-0.08429092609 0.170837027 -0.02863585253)
(-0.08429092609 -0.170837027 0.02863585253)
(-0.1221754387 0.1461622803 -0.03335835667)
(-0.1221754387 -0.1461622803 0.03335835667)
(-0.1902973752 -0.008784019966 -0.0320777119)
(-0.1902973752 0.008784019966 0.0320777119)
(-0.1856452215 0.0427329117 -0.03348970012)
(-0.185654696 -0.04269173049 0.03422794156)
(-0.1581694501 0.1061728545 -0.03623936096)
(-0.1581694501 -0.1061728545 0.03623936096)
(-0.1693232292 -0.08729200455 -0.02868842833)
(-0.1693232292 0.08729200455 0.02868842833)
(0.1729794151 -0.07980207977 -0.02662770124)
(0.1729797587 0.07980133509 0.02662859447)
(0.1626081184 0.09924137161 -0.02571026035)
(0.1626081184 -0.09924137161 0.02571026035)
(0.1806482313 -0.06046872362 -0.03128426881)
(0.1806652582 0.06041783241 0.03129705595)
(-0.140862139 0.1282501765 -0.03417967679)
(-0.140862139 -0.1282501765 0.03417967679)
(0.1508127685 -0.1163862486 -0.01939142022)
(0.1508127685 0.1163862486 0.01939142022)
(0.1894810873 0.01967657406 -0.03179769139)
(0.1892369152 -0.02190068336 0.02724370727)
(0.1492056366 0.1184395542 -0.02474294309)
(0.1492056366 -0.1184395542 0.02474294309)
(-0.06723258209 -0.1782414932 -0.02699026512)
(-0.06723258209 0.1782414932 0.02699026512)
(0.01602507909 0.1898247793 -0.03281698429)
(0.01602507909 -0.1898247793 0.03281698429)
(0.01853208469 -0.1895964447 -0.0200591569)
(0.01853208469 0.1895964447 0.0200591569)
(-0.02858808985 -0.188342696 -0.02455893094)
(-0.02858808985 0.188342696 0.02455893094)
(-0.05622105095 0.1820149539 -0.02561124524)
(-0.05622105095 -0.1820149539 0.02561124524)
(0.08283863784 -0.1715459416 -0.03029409885)
(0.08283863784 0.1715459416 0.03029409885)
(-0.02711988728 0.1885597033 -0.02531208759)
(-0.02711988728 -0.1885597033 0.02531208759)
(0.08145155814 0.1722088664 -0.03399437908)
(0.08145155814 -0.1722088664 0.03399437908)
(0.05959155409 0.1809394835 -0.0265069618)
(0.05959155409 -0.1809394835 0.0265069618)
(0.1042654764 0.1594332476 -0.02560469564)
(0.1042654764 -0.1594332476 0.02560469564)
(-0.123263719 -0.1452456732 -0.02280942151)
(-0.123263719 0.1452456732 0.02280942151)
(-0.1086200171 0.1564990156 -0.02240370723)
(-0.1086200171 -0.1564990156 0.02240370723)
(-0.1817295727 0.05713678667 -0.02486122873)
(-0.1817709827 -0.05700491059 0.024805914)
(-0.1887987472 0.02540242249 -0.01883629418)
(-0.1888028517 -0.02537189758 0.02184457467)
(-0.1822423143 -0.05547962595 -0.02650801525)
(-0.1819808511 0.05633133975 0.02269285148)
(-0.1604097055 -0.10275688 -0.01573695206)
(-0.1431598154 -0.1256802183 -0.0154207877)
(-0.1604097055 0.10275688 0.01573695206)
(-0.1431598154 0.1256802183 0.0154207877)
(-0.1632340073 0.09820849685 -0.01672128513)
(-0.1632340073 -0.09820849685 0.01672128513)
(0.1642596743 -0.09648320784 -0.00998912374)
(0.1642596743 0.09648320784 0.00998912374)
(0.1705316709 0.08490700335 -0.01233181879)
(0.1708445594 -0.0842756579 0.01026320914)
(0.12630246 0.1426111447 -0.01724935703)
(0.12630246 -0.1426111447 0.01724935703)
(-0.1890572434 -0.02340104089 -0.0138521036)
(-0.1890572434 0.02340104089 0.0138521036)
(-0.1033339644 -0.1600385635 -0.02239388219)
(-0.1033339644 0.1600385635 0.02239388219)
(0.1904425569 0.004677874932 -0.017674316)
(0.1904946375 -0.001429365866 0.01396232082)
(-0.08230944942 -0.1718004789 -0.01326659226)
(-0.08230944942 0.1718004789 0.01326659226)
(0.1795334631 0.06370232042 -0.01721007814)
(0.1803969693 -0.06121424244 0.01500108089)
(0.1881253241 0.02998520373 -0.02163904422)
(0.1866646062 -0.03803386351 0.01892223772)
(0.1892939189 -0.02140238893 -0.01385035612)
(0.1889813854 0.02400595737 0.01620043239)
(0.0312685044 0.1879162862 -0.01606511694)
(0.0312685044 -0.1879162862 0.01606511694)
(0.1840889817 0.04900506947 0.01652764374)
(-0.004914311339 -0.1904366024 -0.008755377251)
(-0.004914311339 0.1904366024 0.008755377251)
(-0.05441415895 -0.1825632748 -0.01519309659)
(-0.05441415895 0.1825632748 0.01519309659)
(0.07403256273 -0.1755261509 -0.01599962326)
(0.09858707757 -0.1630056384 -0.02302602579)
(0.07403256273 0.1755261509 0.01599962326)
(0.09858707757 0.1630056384 0.02302602579)
(0.03848038957 -0.1865730678 -0.005913148224)
(0.05447838788 -0.1825441187 -0.01671155273)
(0.001439594501 0.1904945605 -0.01467424313)
(0.03848038957 0.1865730678 0.005913148224)
(0.05447838788 0.1825441187 0.01671155273)
(0.001439594501 -0.1904945605 0.01467424313)
(0.1222555857 -0.1460952489 -0.01311122138)
(0.1222555857 0.1460952489 0.01311122138)
(0.1387419327 -0.1305408982 -0.007156517978)
(0.1387419327 0.1305408982 0.007156517978)
(-0.06540205235 0.1789212719 -0.007181344901)
(-0.06540205235 -0.1789212719 0.007181344901)
(-0.1297213518 0.1395084976 -0.01557124957)
(-0.1297213518 -0.1395084976 0.01557124957)
(-0.09322681493 0.1661295006 -0.008290154071)
(-0.09322681493 -0.1661295006 0.008290154071)
(-0.1748956815 0.07550993701 -0.009347252668)
(-0.1748076391 -0.07571353445 0.009139521945)
(-0.1484338654 0.11940535 -0.01718795533)
(-0.1484338654 -0.11940535 0.01718795533)
(-0.1728180789 -0.08015086783 -0.01244440559)
(-0.1728266206 0.08013244792 0.01053794004)
(0.1765939265 -0.07144812885 -0.008370478131)
(0.1765954603 0.0714443379 0.008374944273)
(0.162410207 0.09956492681 -0.008272604779)
(0.162410207 -0.09956492681 0.008272604779)
(0.1525389457 -0.114114504 0.002808358057)
(0.1525389457 0.114114504 -0.002808358057)
(0.1890169173 -0.02372456487 0.008336827973)
(0.1420668626 0.126914367 -0.008246753064)
(0.1420668626 -0.126914367 0.008246753064)
(0.01754047042 -0.1896907533 -0.00118219101)
(0.01754047042 0.1896907533 0.00118219101)
(-0.03815510555 -0.1866398616 -0.01185612107)
(-0.03815510555 0.1866398616 0.01185612107)
(-0.04222188508 0.1857621124 -0.01428958669)
(-0.04222188508 -0.1857621124 0.01428958669)
(-0.02774509606 -0.1884687233 -0.005879957187)
(-0.02774509606 0.1884687233 0.005879957187)
(0.08878768866 0.168543752 -0.015985923)
(-0.0194336544 0.1895061558 -0.007742721364)
(0.08878768866 -0.168543752 0.015985923)
(-0.0194336544 -0.1895061558 0.007742721364)
(0.05162522676 0.1833714426 -0.008262371912)
(0.05162522676 -0.1833714426 0.008262371912)
(0.1134677514 0.1530206502 -0.008510144236)
(0.1134677514 -0.1530206502 0.008510144236)
(-0.1284753845 -0.1406567651 -0.004344683902)
(-0.1284753845 0.1406567651 0.004344683902)
(-0.1133688287 0.1530939538 -0.004206998061)
(-0.1133688287 -0.1530939538 0.004206998061)
(-0.1829944129 0.05294615035 -0.00720530901)
(-0.1828921613 -0.05329828637 0.00758173377)
(-0.1855581282 -0.04310952412 -0.006991699668)
(-0.1866249753 0.03822785084 0.003876334402)
(-0.1647932818 -0.09556895043 -0.0004339324384)
(-0.1534860012 -0.1128374824 -0.0001659074193)
(-0.1647932818 0.09556895043 0.0004339324384)
(-0.1534860012 0.1128374824 0.0001659074193)
(-0.1800484071 -0.06223199421 -0.006797953687)
(-0.1804763224 0.06097989071 0.005022728598)
(-0.1903832617 0.00666810939 0.000352685745)
(-0.1015432215 -0.1611807189 -0.007045438232)
(-0.1015432215 0.1611807189 0.007045438232)
(0.1904092718 -0.005878707842 -0.001621650465)
(0.1899384524 0.01461623457 -0.000597397921)
(0.1846258076 0.04694210443 -0.008773970021)
(0.185352971 -0.0439832486 0.007683970984)
(0.1868673572 0.03702486767 0.0008078264843)
(0.1824214505 0.05488774376 0.0007003393144)
(0.09038847733 -0.1676907069 -0.006515200925)
(0.1052887025 -0.1587593749 -0.006398456465)
(0.09038847733 0.1676907069 0.006515200925)
(0.1052887025 0.1587593749 0.006398456465)
(0.07031231388 0.1770492263 -0.006799578894)
(0.07031231388 -0.1770492263 0.006799578894)
(-0.1415073303 -0.1275379374 0.002006736823)
(-0.1415073303 0.1275379374 -0.002006736823)
(-0.03314708518 0.1875940317 -0.003639489462)
(-0.03314708518 -0.1875940317 0.003639489462)
(0.1003709375 0.1619133253 -0.002150021535)
(0.1003709375 -0.1619133253 0.002150021535)
(0.004354635006 -0.004336875681 0.0635)
(5.832380189e-18 -0.09525000304 0.0635)
(0.09525000304 5.724587471e-17 0.0635)
(0.0002020023393 0.09819496229 0.0635)
(-0.0676353088 0.1126497615 0.0635)
(0.1126497615 0.0676353088 0.0635)
(0.0676353088 -0.1126497615 0.0635)
(0.05038640017 0.04226269761 0.0635)
(-0.04762500152 0.04762500152 0.0635)
(0.04226269761 -0.05038640017 0.0635)
(-0.04762500152 -0.04762500152 0.0635)
(-0.07176979874 -0.1056360432 0.0635)
(0.1056042423 -0.07169328579 0.0635)
(-0.1049200705 0.0694667297 0.0635)
(0.07169328579 0.1056042423 0.0635)
(0.0161078794 0.1404546305 0.0635)
(0.1404551797 -0.01610782302 0.0635)
(-0.1430959528 -0.01957801761 0.0635)
(-0.01610782302 -0.1404551797 0.0635)
(-0.04917418383 0.003228461929 0.0635)
(-0.0029944546 0.04949631788 0.0635)
(0.04762500152 2.862293735e-17 0.0635)
(2.916190094e-18 -0.04762500152 0.0635)
(-0.121626949 0.02789176525 0.0635)
(0.02579309605 -0.1270079911 0.0635)
(0.1270079911 0.02579309605 0.0635)
(-0.02579309605 0.1270079911 0.0635)
(0.09275586779 0.1149892199 0.0635)
(-0.1149892199 0.09275586779 0.0635)
(0.1149892199 -0.09275586779 0.0635)
(-0.09275586779 -0.1149892199 0.0635)
(0.04353130503 -0.1070726697 0.0635)
(-0.1011093743 -0.02314475427 0.0635)
(0.1070726697 0.04353130503 0.0635)
(-0.02314475427 0.1011093743 0.0635)
(0.02323317962 0.09926024017 0.0635)
(-0.09640051298 0.02824771043 0.0635)
(0.09926024017 -0.02323317962 0.0635)
(-0.02323317962 -0.09926024017 0.0635)
(0.07038178098 0.1344488116 0.0635)
(-0.1332112176 0.07191156413 0.0635)
(0.1344488116 -0.07038178098 0.0635)
(-0.07038178098 -0.1344488116 0.0635)
(-0.09109374508 -0.06216450905 0.0635)
(0.06216450905 -0.09109374508 0.0635)
(-0.06216450905 0.09109374508 0.0635)
(0.09109374508 0.06216450905 0.0635)
(-0.1461975581 0.02127102079 0.0635)
(-0.01726638664 0.03270264733 0.0635)
(-0.03175000101 -0.03175000101 0.0635)
(0.03175000101 -0.03175000101 0.0635)
(0.01781863317 -0.08021213163 0.0635)
(0.03175000101 0.03175000101 0.0635)
(0.08021213163 0.01781863317 0.0635)
(-0.04175748418 0.1456163568 0.0635)
(0.1455976521 0.04176256865 0.0635)
(0.04176256865 -0.1455976521 0.0635)
(-0.1449752655 -0.06978099421 0.0635)
(0.05649897794 0.07932282477 0.0635)
(-0.07513532836 0.05862680441 0.0635)
(0.07932282477 -0.05649897794 0.0635)
(-0.05700363559 -0.07687222502 0.0635)
(0.0954317674 -0.1298054438 0.0635)
(-0.133354322 -0.09674369739 0.0635)
(0.1298054438 0.0954317674 0.0635)
(-0.0954317674 0.1298054438 0.0635)
(-0.03432280252 0.07117109435 0.0635)
(-0.0763960559 -0.0301504498 0.0635)
(0.006710643403 -0.1476495512 0.0635)
(0.1476495512 0.006710643403 0.0635)
(-0.006709871878 0.1476492101 0.0635)
(-0.1557615399 -0.04550829437 0.0635)
(-0.03835790418 -0.1611820627 0.0635)
(0.1611820627 -0.03835790418 0.0635)
(0.03835790418 0.1611820627 0.0635)
(-0.03399824558 -0.07536723796 0.0635)
(0.07536723796 -0.03399824558 0.0635)
(-0.07344262085 0.03542909057 0.0635)
(0.03399824558 0.07536723796 0.0635)
(-0.06176081773 0.1376995214 0.0635)
(0.1376775503 0.06177465933 0.0635)
(0.06177465933 -0.1376775503 0.0635)
(-0.04674001167 -0.1127795001 0.0635)
(0.1127795001 -0.04674001167 0.0635)
(0.04674001167 0.1127795001 0.0635)
(0.09192480644 0.08857686445 0.0635)
(-0.0868831906 0.09243408652 0.0635)
(0.08857686445 -0.09192480644 0.0635)
(-0.09192480644 -0.08857686445 0.0635)
(-0.01272519833 -0.1707535946 0.0635)
(-0.1718886572 -0.01023634778 0.0635)
(0.1707535946 -0.01272519833 0.0635)
(0.01272530182 0.1707534833 0.0635)
(-0.1601076085 0.06554482009 0.0635)
(-0.1434876744 0.04478793152 0.0635)
(-0.009036886913 -0.1162101888 0.0635)
(-0.1207503984 -0.01258146361 0.0635)
(0.1162101888 -0.009036886913 0.0635)
(0.008924035355 0.1182189342 0.0635)
(-0.1214371219 -0.1236448896 0.0635)
(0.123511353 -0.1194482776 0.0635)
(-0.123511353 0.1194482776 0.0635)
(0.1194482776 0.123511353 0.0635)
(0.03373216935 -0.1692732138 0.0635)
(0.1692732138 0.03373216935 0.0635)
(-0.03373216935 0.1692732138 0.0635)
(0.08523437381 0.03901975478 0.0635)
(0.03901975478 -0.08523437381 0.0635)
(-0.04383421143 0.1079782685 0.0635)
(0.1011093743 0.02314475427 0.0635)
(0.02314475427 -0.1011093743 0.0635)
(0.0005413710864 -0.02571761457 0.0635)
(4.374285142e-18 -0.07143750228 0.0635)
(0.02197488575 -0.0483697259 0.0635)
(0.02573839327 -0.001303002436 0.0635)
(0.07143750228 4.293440603e-17 0.0635)
(0.0483697259 0.02197488575 0.0635)
(-0.0006761178474 0.02970530933 0.0635)
(-0.05007794352 0.02629489351 0.0635)
(-0.02913831662 0.0008103984498 0.0635)
(-0.1032704773 0.04646635925 0.0635)
(0.04244781394 0.1380464116 0.0635)
(0.1380464116 -0.04244781394 0.0635)
(-0.04244781394 -0.1380464116 0.0635)
(-0.02534211053 0.05036548581 0.0635)
(-0.1001784315 -0.1401605456 0.0635)
(0.140240788 -0.1000653643 0.0635)
(-0.1396713776 0.0997727139 0.0635)
(0.1000653643 0.140240788 0.0635)
(-0.07596128421 -0.1602617159 0.0635)
(0.1602617159 -0.07596128421 0.0635)
(0.07596128421 0.1602617159 0.0635)
(-0.1698101453 0.03351930433 0.0635)
(0.06995557716 0.05181683505 0.0635)
(0.05181683505 -0.06995557716 0.0635)
(-0.06798846985 -0.05370017601 0.0635)
(-0.05623524174 0.06968246865 0.0635)
(0.05643393647 -0.1634614178 0.0635)
(0.1634614178 0.05643393647 0.0635)
(-0.05643393647 0.1634614178 0.0635)
(-0.06275182976 -0.01497676787 0.0635)
(0.01520442971 0.0625612043 0.0635)
(0.06225758677 -0.01569326822 0.0635)
(-0.01569326822 -0.06225758677 0.0635)
(-0.1719948104 0.01171916708 0.0635)
(-0.1024241789 0.1097400624 0.0635)
(0.1095729404 0.1025506767 0.0635)
(-0.1104845598 -0.1020225623 0.0635)
(0.1025506767 -0.1095729404 0.0635)
(-0.0439656344 -0.09213211007 0.0635)
(0.09250309937 -0.0435287237 0.0635)
(0.0435287237 0.09250309937 0.0635)
(-0.1312726313 0.004417149427 0.0635)
(-0.01290801501 0.1720300648 0.0635)
(0.1720300648 0.01290801501 0.0635)
(0.01290801501 -0.1720300648 0.0635)
(0.06642968766 0.03141612777 0.0635)
(0.03141612777 -0.06642968766 0.0635)
(-0.1119890875 -0.05073342374 0.0635)
(-0.02746109008 -0.1218837245 0.0635)
(0.1218837245 -0.02746109008 0.0635)
(0.02746107474 0.121883736 0.0635)
(-0.08935362169 -0.04495484354 0.0635)
(0.07988780644 -0.1518477743 0.0635)
(0.1518477743 0.07988780644 0.0635)
(-0.07988780644 0.1518477743 0.0635)
(-0.1708640821 -0.03008542306 0.0635)
(-0.08433623247 -0.008748744948 0.0635)
(-0.01445694876 0.08476795915 0.0635)
(-0.1526055904 0.08384051551 0.0635)
(-0.1063323026 0.004285975752 0.0635)
(-0.0465726425 0.1254940686 0.0635)
(0.0466031493 -0.1253818406 0.0635)
(0.1253818406 0.0466031493 0.0635)
(-0.1508501853 0.00121847203 0.0635)
(-0.1213032778 0.05210486997 0.0635)
(0.008748922377 -0.111975555 0.0635)
(0.111975555 0.008748922377 0.0635)
(-0.008728744188 0.1145918232 0.0635)
(-0.08534887123 0.01161658981 0.0635)
(0.009976066858 0.0825677764 0.0635)
(0.08283612877 -0.01322602472 0.0635)
(-0.01322602472 -0.08283612877 0.0635)
(-0.01577103852 0.06568975127 0.0635)
(-0.1540196555 -0.08870564718 0.0635)
(0.06980868351 -0.07487800764 0.0635)
(-0.07176876989 0.07661346165 0.0635)
(0.07487800764 0.06980868351 0.0635)
(-0.1149288369 -0.08622076087 0.0635)
(0.01587500051 0.03968750127 0.0635)
(0.03968750127 -0.01587500051 0.0635)
(-0.01587500051 -0.03968750127 0.0635)
(-0.03968750127 -0.01587500051 0.0635)
(-0.03407297937 0.03550810248 0.0635)
(-0.0695920383 0.01666969075 0.0635)
(-0.0716218606 -0.08722114896 0.0635)
(0.08704536403 -0.07118404416 0.0635)
(0.07118404416 0.08704536403 0.0635)
(-0.03913244541 0.08781148923 0.0635)
(-0.01515802165 -0.01306709512 0.0635)
(-0.01190625038 0.01190625038 0.0635)
(-0.03193934339 0.01840845901 0.0635)
(0.01286751488 0.0151236101 0.0635)
(0.06181184866 0.01333116219 0.0635)
(0.03338364053 0.01344177016 0.0635)
(0.01651206642 -0.01617151868 0.0635)
(0.01333116219 -0.06181184866 0.0635)
(0.01341454725 -0.03341769517 0.0635)
(-0.05431054812 -0.03265872023 0.0635)
(-0.168064095 -0.06024749131 0.0635)
(-0.0326697734 -0.05407940635 0.0635)
(0.05231065906 -0.03347442522 0.0635)
(0.0326697734 0.05407940635 0.0635)
(0.05739979428 0.1620838852 0.0635)
(0.1620838852 -0.05739979428 0.0635)
(-0.05739979428 -0.1620838852 0.0635)
(-0.1262323973 -0.07119669375 0.0635)
(-0.08803162715 0.04608659274 0.0635)
(0.06253892975 -0.05314363586 0.0635)
(-0.09160453446 0.05931623159 0.0635)
(0.05314363586 0.06253892975 0.0635)
(-0.09875338525 0.1453249594 0.0635)
(0.1453249594 0.09875338525 0.0635)
(0.09875338525 -0.1453249594 0.0635)
(-0.02353767535 0.1518790913 0.0635)
(0.1518790913 0.02353767535 0.0635)
(0.02353767535 -0.1518790913 0.0635)
(-0.1343229587 -0.05552208953 0.0635)
(0.08805150177 0.1525464416 0.0635)
(0.1525464416 -0.08805150177 0.0635)
(-0.08807411521 -0.1525303931 0.0635)
(-0.1663523101 0.04990946601 0.0635)
(-0.07827772802 0.1271277495 0.0635)
(0.1271268554 0.07832518631 0.0635)
(0.07832518631 -0.1271268554 0.0635)
(0.031464483 0.1775230459 0.0635)
(0.1775230505 -0.03146446669 0.0635)
(-0.03146446669 -0.1775230505 0.0635)
(0.002880347909 0.001686815704 -0.0635)
(-0.09525000304 -1.166476038e-17 -0.0635)
(-0.0009996706864 -0.09355137068 -0.0635)
(5.832380189e-18 0.09525000304 -0.0635)
(0.09525000304 -5.724587471e-17 -0.0635)
(-0.06789293021 0.1111785438 -0.0635)
(0.04505136838 -0.04959638072 -0.0635)
(0.04959638072 0.04505136838 -0.0635)
(-0.04646620214 0.05061140002 -0.0635)
(-0.04830549424 -0.05114978701 -0.0635)
(-0.1061353065 -0.07121044806 -0.0635)
(-0.1042945166 0.07120477789 -0.0635)
(0.1072807144 0.06969953887 -0.0635)
(0.06969953887 -0.1072807144 -0.0635)
(0.1424828228 -0.01964716703 -0.0635)
(0.0202772074 0.1438642924 -0.0635)
(-0.01964716703 -0.1424828228 -0.0635)
(-0.1428312124 -0.01730369861 -0.0635)
(-0.0009517699653 -0.05306376916 -0.0635)
(-0.04762500152 -6.938893904e-18 -0.0635)
(0.04762500152 -2.862293735e-17 -0.0635)
(-0.001522031167 0.04870232542 -0.0635)
(-0.1244202694 0.02428216557 -0.0635)
(0.02739187689 -0.1221721788 -0.0635)
(0.1221721788 0.02739187689 -0.0635)
(-0.02579309605 0.1270079911 -0.0635)
(0.1217465821 -0.1239716524 -0.0635)
(0.1239716524 0.1217465821 -0.0635)
(-0.1149892199 0.09275586779 -0.0635)
(-0.123750966 -0.1214525547 -0.0635)
(-0.025892426 -0.09841681738 -0.0635)
(0.02542546357 0.09919406491 -0.0635)
(-0.04377563133 0.1089446935 -0.0635)
(0.1011093743 -0.02314475427 -0.0635)
(0.04646635925 -0.1032704773 -0.0635)
(0.1032704773 0.04646635925 -0.0635)
(-0.1000264708 0.02668210627 -0.0635)
(-0.09998858026 -0.04782203625 -0.0635)
(0.0719364299 -0.1336091953 -0.0635)
(0.1336091953 0.0719364299 -0.0635)
(-0.1598340282 0.06879934486 -0.0635)
(-0.1342644673 -0.07129952562 -0.0635)
(-0.06546900402 -0.09006877878 -0.0635)
(-0.05772257408 0.08764612573 -0.0635)
(0.06546900402 0.09006877878 -0.0635)
(0.09006877878 -0.06546900402 -0.0635)
(0.1461975581 0.02127102079 -0.0635)
(0.02127102079 -0.1461975581 -0.0635)
(-0.1718802532 0.02013002317 -0.0635)
(-0.03175000101 -0.01587500051 -0.0635)
(-0.07755241616 -0.0181444004 -0.0635)
(-0.03175000101 0.03175000101 -0.0635)
(-0.01912599244 0.08027155261 -0.0635)
(0.03175000101 0.03175000101 -0.0635)
(0.07890087933 0.01803402626 -0.0635)
(0.03175000101 -0.03175000101 -0.0635)
(0.01786741448 -0.07861777393 -0.0635)
(-0.05691404888 0.1628949176 -0.0635)
(-0.0216031441 0.1590355997 -0.0635)
(-0.06978099421 -0.1449752655 -0.0635)
(0.06978099421 0.1449752655 -0.0635)
(0.1449752655 -0.06978099421 -0.0635)
(-0.07645381173 0.0571878805 -0.0635)
(-0.09760233517 0.1293337596 -0.0635)
(0.06598214872 -0.0816709453 -0.0635)
(0.08271749318 0.06878005217 -0.0635)
(-0.08102001265 -0.06638324677 -0.0635)
(0.1338595576 -0.09693070328 -0.0635)
(0.09693070328 0.1338595576 -0.0635)
(-0.09693070328 -0.1338595576 -0.0635)
(-0.04054991758 -0.1326886469 -0.0635)
(0.04092080687 0.1327230123 -0.0635)
(0.1326886469 -0.04054991758 -0.0635)
(0.07619061274 -0.03245547414 -0.0635)
(0.03064132059 0.07675551148 -0.0635)
(-0.03675076294 -0.0725282481 -0.0635)
(0.1557615399 -0.04550829437 -0.0635)
(0.04550829437 0.1557615399 -0.0635)
(-0.04550829437 -0.1557615399 -0.0635)
(0.09300022506 -0.09039625121 -0.0635)
(0.09039671965 0.09300058189 -0.0635)
(-0.08999012429 -0.09287366846 -0.0635)
(-0.1619785312 -0.03564018113 -0.0635)
(-0.07536723796 0.03399824558 -0.0635)
(-0.1670484035 0.04300730578 -0.0635)
(-0.1372510398 0.04677840077 -0.0635)
(-0.134980929 -0.0408747307 -0.0635)
(-0.08223596775 -0.03986781684 -0.0635)
(0.08316660371 0.04051571139 -0.0635)
(0.04048794276 -0.08311941948 -0.0635)
(-0.08648524725 0.09217207047 -0.0635)
(-0.01024746558 -0.1718003982 -0.0635)
(0.1718003982 -0.01024746558 -0.0635)
(0.1601755199 0.06553692978 -0.0635)
(0.06553692978 -0.1601755199 -0.0635)
(-0.07775871617 0.147997312 -0.0635)
(-0.0537960027 0.1337511911 -0.0635)
(-0.02381250076 0.05556250177 -0.0635)
(-0.0403401502 0.07139836438 -0.0635)
(0.04594827804 -0.1455103747 -0.0635)
(0.1455103747 0.04594827804 -0.0635)
(-0.1705700791 -0.01742550301 -0.0635)
(0.0114893481 0.1715985707 -0.0635)
(-0.1182189342 -0.008924035355 -0.0635)
(-0.008924035355 -0.1182189342 -0.0635)
(0.01055499762 0.117215297 -0.0635)
(0.1182189342 -0.008924035355 -0.0635)
(-0.1149892199 -0.09275586779 -0.0635)
(-0.1236857806 0.1193631568 -0.0635)
(0.1149892199 0.09275586779 -0.0635)
(0.09275586779 -0.1149892199 -0.0635)
(-0.02314475427 0.1011093743 -0.0635)
(-0.03175000101 0.007937500253 -0.0635)
(-0.05556250177 -0.01587500051 -0.0635)
(-0.002278946187 0.07099643199 -0.0635)
(0.0009681255157 0.02659818424 -0.0635)
(0.04762500152 0.02381250076 -0.0635)
(0.07143750228 -4.293440603e-17 -0.0635)
(0.02546614665 0.0003307291772 -0.0635)
(-0.07143750228 -9.301827141e-18 -0.0635)
(0.002638554717 -0.07214380393 -0.0635)
(-0.02503480128 -0.05098436526 -0.0635)
(0.02225115076 -0.04851586203 -0.0635)
(-0.0004046855281 -0.01814694908 -0.0635)
(-0.1035782347 0.04947235667 -0.0635)
(-0.1327110776 0.004038831685 -0.0635)
(0.0997676551 -0.1396823383 -0.0635)
(0.1396823383 0.0997676551 -0.0635)
(-0.139983782 -0.1002685652 -0.0635)
(-0.1396358083 0.1004150281 -0.0635)
(-0.1580695715 -0.07428164379 -0.0635)
(-0.1323114849 0.07477813458 -0.0635)
(0.03368261313 -0.1700988635 -0.0635)
(0.1700988635 0.03368261313 -0.0635)
(0.02264625384 -0.09883293088 -0.0635)
(0.09932173881 0.02321929034 -0.0635)
(-0.003246389711 0.131549624 -0.0635)
(0.0693593733 -0.05489475528 -0.0635)
(0.05489475528 0.0693593733 -0.0635)
(-0.05717646616 -0.0718188667 -0.0635)
(-0.1475564234 0.02340407029 -0.0635)
(0.01504710431 0.06251392232 -0.0635)
(0.06258743404 -0.01542692867 -0.0635)
(-0.06279545384 0.01643137427 -0.0635)
(0.171994683 0.0117195882 -0.0635)
(0.0117195882 -0.171994683 -0.0635)
(0.1101027865 -0.1026841678 -0.0635)
(0.1026841678 0.1101027865 -0.0635)
(-0.1026841678 -0.1101027865 -0.0635)
(-0.1025864893 0.1095183317 -0.0635)
(0.1311357362 0.004417281045 -0.0635)
(0.004417281045 -0.1311357362 -0.0635)
(-0.1545588028 0.002197668629 -0.0635)
(0.112122328 -0.05083965283 -0.0635)
(0.05086168168 0.1121354557 -0.0635)
(-0.05083965283 -0.112122328 -0.0635)
(-0.1128128049 -0.03034492491 -0.0635)
(-0.03473460698 0.1473129004 -0.0635)
(-0.04640295103 -0.08989730714 -0.0635)
(0.04536513388 0.08977271897 -0.0635)
(0.08977009342 -0.04536072811 -0.0635)
(0.03307001355 -0.06433562469 -0.0635)
(0.06433562469 0.03307001355 -0.0635)
(0.1708781471 -0.03013014047 -0.0635)
(-0.03013014047 -0.1708781471 -0.0635)
(0.08363803709 -0.01297183669 -0.0635)
(0.0133108466 0.08132504863 -0.0635)
(0.1526062523 0.0838215929 -0.0635)
(0.0838215929 -0.1526062523 -0.0635)
(-0.06777727526 -0.05263095288 -0.0635)
(0.06727117036 0.05279121907 -0.0635)
(0.05079016934 -0.06672342509 -0.0635)
(-0.05889748728 0.06536573642 -0.0635)
(-0.114125351 0.009215813633 -0.0635)
(-0.01105638853 0.1752870347 -0.0635)
(0.001231621625 -0.1508381665 -0.0635)
(0.1508381665 0.001231621625 -0.0635)
(0.121979626 0.05204214476 -0.0635)
(0.05204214476 -0.121979626 -0.0635)
(-0.0009486427344 0.1525082931 -0.0635)
(-0.06339054777 -0.03350362505 -0.0635)
(-0.03804096776 0.1648855625 -0.0635)
(-0.008325848483 0.1144264579 -0.0635)
(-0.08097533358 0.01542234522 -0.0635)
(-0.08659495898 -0.114083055 -0.0635)
(0.0866773583 0.1141093434 -0.0635)
(0.1141083664 -0.08667618436 -0.0635)
(0.1540432747 -0.08868669486 -0.0635)
(0.08868669486 0.1540432747 -0.0635)
(-0.08868669486 -0.1540432747 -0.0635)
(-0.1192673308 0.0566042991 -0.0635)
(-0.1169052812 -0.05491915836 -0.0635)
(-0.07255329482 0.07483135014 -0.0635)
(0.1204961393 -0.02851616187 -0.0635)
(0.02887522692 0.1209007824 -0.0635)
(-0.02851616187 -0.1204961393 -0.0635)
(-0.01769243895 -0.0729023451 -0.0635)
(-0.01587500051 0.01587500051 -0.0635)
(0.03968750127 -0.01587500051 -0.0635)
(0.01587500051 0.03968750127 -0.0635)
(-0.01493097038 0.0368554109 -0.0635)
(-0.03968750127 -0.03175000101 -0.0635)
(-0.01587500051 -0.007937500253 -0.0635)
(-0.0355346946 0.08895600353 -0.0635)
(0.1123131403 0.007708307847 -0.0635)
(0.008180473706 -0.1120931104 -0.0635)
(0.01704560971 -0.01554465354 -0.0635)
(0.01000481678 -0.03343840178 -0.0635)
(-0.01481413468 -0.03017085529 -0.0635)
(0.0343887983 0.01419376926 -0.0635)
(0.01785937557 0.01785937557 -0.0635)
(0.06126189564 0.01407669352 -0.0635)
(-0.09505985413 -0.0217850989 -0.0635)
(-0.07524869702 0.127807446 -0.0635)
(0.05431054812 -0.03265872023 -0.0635)
(0.03265872023 0.05431054812 -0.0635)
(-0.06024749131 -0.168064095 -0.0635)
(0.06024749131 0.168064095 -0.0635)
(0.168064095 -0.06024749131 -0.0635)
(-0.05363875473 0.03437304893 -0.0635)
(-0.04500572674 0.01852813189 -0.0635)
(-0.1605719141 -0.05622159977 -0.0635)
(-0.03049470601 0.1742448372 -0.0635)
(-0.0168888051 0.1433613411 -0.0635)
(0.03070159974 0.1709236368 -0.0635)
(0.1244675668 -0.07198739545 -0.0635)
(0.07200497711 0.1244719846 -0.0635)
(-0.07197385789 -0.1244633482 -0.0635)
(-0.06216469877 0.04830726229 -0.0635)
(-0.09208817173 0.05945396417 -0.0635)
(-0.09875338525 0.1453249594 -0.0635)
(-0.150590431 -0.08691974833 -0.0635)
(-0.1509084508 0.08688922359 -0.0635)
(-0.1730297897 0.0008348750515 -0.0635)
(0.1682952233 0.05028219638 -0.0635)
(0.05028219638 -0.1682952233 -0.0635)
)


// ************************************************************************* //
